# unix_time, cycles_done, cur_path, paths_total, pending_total, pending_favs, map_size, unique_crashes, unique_hangs, max_depth, execs_per_sec
1713245666, 0, 0, 4, 4, 3, 5.33%, 0, 0, 1, 6.27
1713245671, 0, 1, 5, 5, 3, 5.59%, 1, 0, 2, 2.03
1713245687, 0, 1, 6, 6, 3, 5.59%, 1, 0, 2, 6.24
1713245692, 0, 1, 7, 7, 3, 5.63%, 1, 0, 2, 7.34
1713245722, 0, 1, 8, 8, 3, 5.63%, 1, 0, 2, 7.06
1713245727, 0, 1, 9, 9, 3, 5.63%, 1, 0, 2, 8.06
1713245764, 0, 1, 9, 9, 3, 5.63%, 1, 1, 2, 13.45
1713246214, 0, 2, 9, 8, 5, 5.63%, 1, 1, 2, 6.53
1713246291, 0, 2, 9, 8, 5, 5.63%, 1, 2, 2, 165.53
1713246462, 0, 2, 10, 9, 5, 5.63%, 1, 2, 2, 7.03
1713246705, 0, 3, 10, 8, 5, 5.63%, 1, 2, 2, 5.71
1713247180, 0, 4, 11, 8, 4, 5.63%, 1, 2, 3, 7.57
1713247200, 0, 6, 11, 7, 3, 5.63%, 1, 2, 3, 39.86
1713247278, 0, 6, 11, 7, 3, 5.63%, 1, 3, 3, 145.13
1713247360, 0, 6, 12, 8, 3, 5.63%, 1, 3, 3, 7.75
1713247691, 0, 9, 12, 7, 2, 5.63%, 1, 3, 3, 6.29
1713248197, 0, 10, 12, 6, 1, 5.63%, 1, 3, 3, 45.07
1713248223, 1, 3, 12, 5, 0, 5.63%, 1, 3, 3, 6.51
1713248228, 1, 6, 12, 5, 0, 5.63%, 1, 3, 3, 5.76
1713248239, 1, 10, 12, 5, 0, 5.63%, 1, 3, 3, 6.19
1713248244, 2, 0, 12, 5, 0, 5.63%, 1, 3, 3, 5.51
1713248249, 2, 0, 13, 6, 0, 5.63%, 1, 3, 3, 7.11
1713248303, 2, 0, 14, 7, 0, 5.63%, 1, 3, 3, 0.93
1713248904, 2, 3, 14, 6, 0, 5.63%, 1, 3, 3, 6.12
1713248939, 2, 4, 14, 6, 0, 5.63%, 1, 3, 3, 37.26
1713248944, 2, 5, 14, 6, 0, 5.63%, 1, 3, 3, 9.49
1713249481, 2, 6, 14, 5, 0, 5.63%, 1, 3, 3, 6.35
1713249507, 2, 9, 14, 5, 0, 5.63%, 1, 3, 3, 5.98
1713249544, 2, 10, 14, 5, 0, 5.63%, 1, 3, 3, 6.09
1713249554, 2, 13, 14, 5, 0, 5.63%, 1, 3, 3, 7.17
1713249559, 2, 13, 15, 6, 0, 5.63%, 1, 3, 3, 7.32
1713249565, 2, 13, 16, 7, 0, 5.63%, 1, 3, 3, 7.51
1713250142, 2, 14, 16, 6, 1, 5.63%, 1, 3, 3, 38.68
1713250163, 2, 14, 17, 7, 1, 5.63%, 1, 3, 4, 7.05
1713250914, 2, 16, 17, 6, 1, 5.63%, 1, 3, 4, 2.88
1713251743, 3, 4, 17, 5, 0, 5.63%, 1, 3, 4, 37.12
1713251763, 3, 7, 17, 5, 0, 5.63%, 1, 3, 4, 2.92
1713252974, 3, 9, 17, 4, 0, 5.63%, 1, 3, 4, 2.85
1713253067, 3, 10, 17, 4, 0, 5.63%, 1, 3, 4, 2.65
1713253088, 3, 16, 17, 4, 0, 5.63%, 1, 3, 4, 2.74
1713253186, 4, 4, 17, 4, 0, 5.63%, 1, 3, 4, 38.21
1713253191, 4, 9, 17, 4, 0, 5.63%, 1, 3, 4, 2.87
1713253280, 4, 10, 17, 4, 0, 5.63%, 1, 3, 4, 2.81
1713253301, 4, 16, 17, 4, 0, 5.63%, 1, 3, 4, 2.52
1713253384, 5, 4, 17, 4, 0, 5.63%, 1, 3, 4, 3.02
1713253400, 5, 8, 17, 4, 0, 5.63%, 1, 3, 4, 46.11
1713254622, 5, 9, 17, 3, 0, 5.63%, 1, 3, 4, 2.86
1713254704, 5, 10, 17, 3, 0, 5.63%, 1, 3, 4, 2.88
1713254740, 5, 16, 17, 3, 0, 5.63%, 1, 3, 4, 2.98
1713254829, 6, 4, 17, 3, 0, 5.63%, 1, 3, 4, 38.35
1713254860, 6, 5, 17, 3, 0, 5.63%, 1, 3, 4, 2.92
1713254938, 6, 6, 17, 3, 0, 5.63%, 1, 3, 4, 2.82
1713255021, 6, 9, 18, 4, 0, 5.63%, 1, 3, 4, 2.75
1713255090, 6, 9, 19, 5, 0, 5.64%, 4, 3, 4, 0.09
1713255182, 6, 9, 19, 5, 0, 5.64%, 5, 3, 4, 0.04
1713255257, 6, 9, 20, 6, 0, 5.64%, 6, 3, 4, 0.06
1713255436, 6, 9, 21, 7, 0, 5.64%, 6, 3, 4, 0.03
1713255517, 6, 9, 23, 9, 0, 5.64%, 6, 3, 4, 0.03
