# unix_time, cycles_done, cur_path, paths_total, pending_total, pending_favs, map_size, unique_crashes, unique_hangs, max_depth, execs_per_sec
1712460610, 0, 0, 9, 9, 7, 5.65%, 0, 0, 1, 29.63
1712460615, 0, 1, 17, 17, 7, 6.05%, 1, 0, 2, 128.25
1712460620, 0, 1, 18, 18, 7, 6.05%, 1, 0, 2, 52.45
1712460630, 0, 3, 21, 20, 10, 6.06%, 1, 0, 2, 66.06
1712460646, 0, 3, 23, 22, 10, 6.08%, 1, 0, 2, 53.24
1712460651, 0, 3, 24, 23, 10, 6.09%, 1, 0, 2, 55.78
1712460681, 0, 3, 25, 24, 10, 6.34%, 1, 0, 2, 66.44
1712460686, 0, 5, 27, 25, 13, 6.34%, 1, 0, 2, 59.70
1712460691, 0, 5, 29, 27, 13, 6.35%, 1, 0, 2, 71.31
1712460697, 0, 5, 30, 28, 13, 6.35%, 1, 0, 2, 48.98
1712460712, 0, 5, 31, 29, 13, 6.36%, 1, 0, 2, 69.69
1712460727, 0, 5, 33, 31, 13, 6.36%, 1, 0, 2, 73.11
1712460732, 0, 6, 33, 30, 15, 6.36%, 1, 0, 2, 66.87
1712460798, 0, 13, 33, 29, 14, 6.36%, 1, 0, 2, 68.04
1712460804, 0, 13, 34, 30, 14, 6.36%, 1, 0, 3, 48.48
1712460814, 0, 14, 34, 29, 14, 6.36%, 1, 0, 3, 434.11
1712460829, 0, 15, 34, 28, 13, 6.36%, 1, 0, 3, 40.04
1712460845, 0, 16, 35, 28, 12, 6.36%, 1, 0, 3, 47.95
1712460855, 0, 17, 35, 27, 11, 6.36%, 1, 0, 3, 55.89
1712460870, 0, 20, 35, 26, 10, 6.36%, 1, 0, 3, 63.89
1712460916, 0, 21, 35, 25, 9, 6.36%, 1, 0, 3, 53.39
1712460977, 0, 22, 35, 24, 8, 6.36%, 1, 0, 3, 58.42
1712461033, 0, 23, 35, 23, 7, 6.36%, 1, 0, 3, 56.77
1712461038, 0, 23, 36, 24, 7, 6.36%, 1, 0, 3, 62.88
1712461058, 0, 23, 37, 25, 7, 6.36%, 1, 0, 3, 50.69
1712461094, 0, 24, 37, 24, 7, 6.36%, 1, 0, 3, 55.22
1712461155, 0, 27, 37, 23, 6, 6.36%, 1, 0, 3, 59.00
1712461180, 0, 29, 37, 22, 4, 6.36%, 1, 0, 3, 59.09
1712461211, 0, 30, 37, 21, 3, 6.36%, 1, 0, 3, 65.85
1712461262, 0, 33, 37, 20, 2, 6.36%, 1, 0, 3, 45.32
1712461272, 0, 35, 37, 19, 1, 6.36%, 1, 0, 3, 67.91
1712461328, 1, 10, 37, 18, 0, 6.36%, 1, 0, 3, 69.55
1712461343, 1, 11, 37, 17, 0, 6.36%, 1, 0, 3, 46.72
1712461353, 1, 13, 37, 16, 0, 6.36%, 1, 0, 3, 45.91
1712461358, 1, 20, 37, 16, 0, 6.36%, 1, 0, 3, 45.64
1712461363, 1, 24, 37, 16, 0, 6.36%, 1, 0, 3, 46.08
1712461368, 1, 25, 38, 17, 0, 6.36%, 1, 0, 3, 59.94
1712461419, 1, 35, 38, 16, 0, 6.36%, 1, 0, 3, 46.75
1712461424, 2, 9, 38, 16, 0, 6.36%, 1, 0, 3, 518.57
1712461440, 2, 12, 38, 15, 0, 6.36%, 1, 0, 3, 42.70
1712461455, 2, 16, 38, 14, 0, 6.36%, 1, 0, 3, 45.27
1712461460, 2, 22, 38, 14, 0, 6.36%, 1, 0, 3, 45.11
1712461465, 2, 26, 38, 14, 0, 6.36%, 1, 0, 3, 56.21
1712461511, 2, 27, 38, 13, 0, 6.36%, 1, 0, 3, 49.04
1712461516, 2, 28, 38, 13, 0, 6.36%, 1, 0, 3, 62.28
1712461537, 2, 28, 39, 14, 0, 6.36%, 1, 0, 3, 58.68
1712461562, 2, 38, 39, 13, 1, 6.36%, 1, 0, 3, 59.46
1712461577, 2, 38, 40, 14, 1, 6.36%, 1, 0, 4, 55.13
1712461608, 2, 39, 40, 13, 1, 6.36%, 1, 0, 4, 78.00
1712461648, 3, 2, 40, 12, 0, 6.36%, 1, 0, 4, 54.00
1712461704, 3, 4, 40, 11, 0, 6.36%, 1, 0, 4, 106.65
1712461781, 3, 14, 40, 10, 0, 6.36%, 1, 0, 4, 42.67
1712461786, 3, 20, 40, 10, 0, 6.36%, 1, 0, 4, 41.71
1712461791, 3, 29, 40, 10, 0, 6.36%, 1, 0, 4, 42.22
1712461796, 3, 32, 40, 10, 0, 6.36%, 1, 0, 4, 55.99
1712461837, 3, 33, 40, 9, 0, 6.36%, 1, 0, 4, 41.15
1712461842, 3, 34, 40, 9, 0, 6.36%, 1, 0, 4, 39.23
1712461857, 3, 39, 40, 8, 0, 6.36%, 1, 0, 4, 42.20
1712461862, 4, 1, 40, 8, 0, 6.36%, 1, 0, 4, 46.43
1712461867, 4, 6, 40, 8, 0, 6.36%, 1, 0, 4, 45.33
1712461873, 4, 13, 40, 8, 0, 6.36%, 1, 0, 4, 46.60
1712461883, 4, 14, 40, 8, 0, 6.36%, 1, 0, 4, 43.83
1712461888, 4, 15, 40, 8, 0, 6.36%, 1, 0, 4, 53.87
1712461893, 4, 16, 40, 8, 0, 6.36%, 1, 0, 4, 45.68
1712461898, 4, 17, 40, 8, 0, 6.36%, 1, 0, 4, 52.57
1712461903, 4, 20, 40, 8, 0, 6.36%, 1, 0, 4, 39.73
1712461908, 4, 21, 40, 8, 0, 6.36%, 1, 0, 4, 59.45
1712461913, 4, 22, 40, 8, 0, 6.36%, 1, 0, 4, 57.30
1712461918, 4, 24, 40, 8, 0, 6.36%, 1, 0, 4, 50.08
1712461923, 4, 29, 41, 9, 0, 6.36%, 1, 0, 4, 41.23
1712461928, 4, 30, 41, 9, 0, 6.36%, 1, 0, 4, 47.06
1712461933, 4, 32, 41, 9, 0, 6.36%, 1, 0, 4, 46.61
1712461938, 4, 33, 41, 9, 0, 6.36%, 1, 0, 4, 49.32
1712461943, 4, 35, 41, 9, 0, 6.36%, 1, 0, 4, 60.58
1712461948, 4, 39, 41, 9, 0, 6.36%, 1, 0, 4, 52.84
1712461959, 5, 7, 41, 9, 0, 6.36%, 1, 0, 4, 52.04
1712462020, 5, 14, 41, 8, 0, 6.36%, 1, 0, 4, 130.95
1712462025, 5, 41, 42, 9, 1, 6.36%, 1, 0, 4, 69.70
1712462065, 5, 41, 43, 10, 1, 6.36%, 1, 0, 4, 53.05
1712462091, 6, 6, 43, 9, 0, 6.36%, 1, 0, 4, 49.83
1712462096, 6, 13, 43, 9, 0, 6.36%, 1, 0, 4, 50.49
1712462106, 6, 15, 43, 9, 0, 6.36%, 1, 0, 4, 52.01
1712462111, 6, 16, 43, 9, 0, 6.36%, 1, 0, 4, 55.42
1712462116, 6, 17, 43, 9, 0, 6.36%, 1, 0, 4, 45.97
1712462121, 6, 20, 43, 9, 0, 6.36%, 1, 0, 4, 52.80
1712462131, 6, 24, 43, 9, 0, 6.36%, 1, 0, 4, 61.40
1712462142, 6, 29, 43, 9, 0, 6.36%, 1, 0, 4, 52.31
1712462147, 6, 30, 43, 9, 0, 6.36%, 1, 0, 4, 55.44
1712462152, 6, 31, 43, 9, 0, 6.36%, 1, 0, 4, 62.86
1712462208, 6, 35, 43, 8, 0, 6.36%, 1, 0, 4, 60.93
1712462213, 6, 39, 43, 8, 0, 6.36%, 1, 0, 4, 55.94
1712462223, 6, 41, 43, 8, 0, 6.36%, 1, 0, 4, 47.36
1712462228, 7, 6, 43, 8, 0, 6.36%, 1, 0, 4, 50.32
1712462233, 7, 13, 43, 8, 0, 6.36%, 1, 0, 4, 52.80
1712462238, 7, 14, 43, 8, 0, 6.36%, 1, 0, 4, 51.03
1712462243, 7, 15, 43, 8, 0, 6.36%, 1, 0, 4, 55.33
1712462248, 7, 16, 43, 8, 0, 6.36%, 1, 0, 4, 57.45
1712462253, 7, 17, 43, 8, 0, 6.36%, 1, 0, 4, 51.88
1712462258, 7, 20, 43, 8, 0, 6.36%, 1, 0, 4, 51.03
1712462263, 7, 22, 43, 8, 0, 6.36%, 1, 0, 4, 46.98
1712462274, 7, 24, 43, 8, 0, 6.36%, 1, 0, 4, 50.70
1712462279, 7, 29, 43, 8, 0, 6.36%, 1, 0, 4, 54.27
1712462284, 7, 30, 43, 8, 0, 6.36%, 1, 0, 4, 51.21
1712462289, 7, 33, 43, 8, 0, 6.36%, 1, 0, 4, 52.61
1712462294, 7, 35, 43, 8, 0, 6.36%, 1, 0, 4, 62.19
1712462299, 7, 39, 43, 8, 0, 6.36%, 1, 0, 4, 51.77
1712462304, 7, 41, 43, 8, 0, 6.36%, 1, 0, 4, 48.94
1712462309, 7, 42, 43, 8, 0, 6.36%, 1, 0, 4, 58.68
1712462385, 8, 6, 43, 7, 0, 6.36%, 1, 0, 4, 47.01
1712462390, 8, 13, 43, 7, 0, 6.36%, 1, 0, 4, 59.36
1712462395, 8, 14, 43, 7, 0, 6.36%, 1, 0, 4, 54.13
1712462400, 8, 15, 43, 7, 0, 6.36%, 1, 0, 4, 55.17
1712462405, 8, 16, 43, 7, 0, 6.36%, 1, 0, 4, 55.24
1712462411, 8, 17, 43, 7, 0, 6.36%, 1, 0, 4, 46.50
1712462416, 8, 20, 43, 7, 0, 6.36%, 1, 0, 4, 53.83
1712462421, 8, 22, 43, 7, 0, 6.36%, 1, 0, 4, 62.99
1712462426, 8, 24, 43, 7, 0, 6.36%, 1, 0, 4, 51.99
1712462431, 8, 27, 43, 7, 0, 6.36%, 1, 0, 4, 51.18
1712462436, 8, 28, 43, 7, 0, 6.36%, 1, 0, 4, 51.35
1712462441, 8, 29, 43, 7, 0, 6.36%, 1, 0, 4, 46.57
1712462446, 8, 30, 43, 7, 0, 6.36%, 1, 0, 4, 48.40
1712462451, 8, 33, 43, 7, 0, 6.36%, 1, 0, 4, 52.56
1712462456, 8, 35, 43, 7, 0, 6.36%, 1, 0, 4, 54.19
1712462461, 8, 37, 43, 7, 0, 6.36%, 1, 0, 4, 63.24
1712462522, 8, 39, 43, 6, 0, 6.36%, 1, 0, 4, 48.33
1712462527, 8, 41, 43, 6, 0, 6.36%, 1, 0, 4, 47.14
1712462532, 9, 6, 43, 6, 0, 6.36%, 1, 0, 4, 51.28
1712462543, 9, 14, 43, 6, 0, 6.36%, 1, 0, 4, 59.49
1712462548, 9, 15, 43, 6, 0, 6.36%, 1, 0, 4, 58.75
1712462553, 9, 16, 43, 6, 0, 6.36%, 1, 0, 4, 54.51
1712462558, 9, 17, 43, 6, 0, 6.36%, 1, 0, 4, 53.74
1712462568, 9, 22, 43, 6, 0, 6.36%, 1, 0, 4, 64.76
1712462573, 9, 24, 43, 6, 0, 6.36%, 1, 0, 4, 58.59
1712462583, 9, 29, 43, 6, 0, 6.36%, 1, 0, 4, 58.54
1712462588, 9, 30, 43, 6, 0, 6.36%, 1, 0, 4, 49.08
1712462593, 9, 36, 43, 6, 0, 6.36%, 1, 0, 4, 219.30
1712462660, 9, 40, 43, 5, 0, 6.36%, 1, 0, 4, 108.90
1712462716, 10, 6, 43, 4, 0, 6.36%, 1, 0, 4, 49.14
1712462721, 10, 10, 43, 4, 0, 6.36%, 1, 0, 4, 59.28
1712462726, 10, 13, 43, 4, 0, 6.36%, 1, 0, 4, 56.21
1712462731, 10, 14, 43, 4, 0, 6.36%, 1, 0, 4, 54.39
1712462736, 10, 15, 43, 4, 0, 6.36%, 1, 0, 4, 62.62
1712462741, 10, 16, 43, 4, 0, 6.36%, 1, 0, 4, 52.60
1712462746, 10, 17, 43, 4, 0, 6.36%, 1, 0, 4, 46.10
1712462751, 10, 18, 43, 4, 0, 6.36%, 1, 0, 4, 57.10
1712462818, 10, 20, 43, 3, 0, 6.36%, 1, 0, 4, 52.52
1712462823, 10, 22, 43, 3, 0, 6.36%, 1, 0, 4, 57.43
1712462828, 10, 23, 43, 3, 0, 6.36%, 1, 0, 4, 58.72
1712462833, 10, 24, 43, 3, 0, 6.36%, 1, 0, 4, 54.47
1712462838, 10, 29, 43, 3, 0, 6.36%, 1, 0, 4, 45.09
1712462843, 10, 30, 43, 3, 0, 6.36%, 1, 0, 4, 51.07
1712462848, 10, 33, 43, 3, 0, 6.36%, 1, 0, 4, 48.60
1712462853, 10, 35, 43, 3, 0, 6.36%, 1, 0, 4, 47.88
1712462858, 10, 39, 43, 3, 0, 6.36%, 1, 0, 4, 53.96
1712462868, 10, 41, 43, 3, 0, 6.36%, 1, 0, 4, 48.96
1712462873, 11, 6, 43, 3, 0, 6.36%, 1, 0, 4, 59.91
1712462878, 11, 13, 43, 3, 0, 6.36%, 1, 0, 4, 49.08
1712462883, 11, 15, 43, 3, 0, 6.36%, 1, 0, 4, 57.10
1712462888, 11, 16, 43, 3, 0, 6.36%, 1, 0, 4, 54.33
1712462894, 11, 17, 43, 3, 0, 6.36%, 1, 0, 4, 51.23
1712462899, 11, 20, 43, 3, 0, 6.36%, 1, 0, 4, 50.69
1712462904, 11, 22, 43, 3, 0, 6.36%, 1, 0, 4, 55.21
1712462909, 11, 24, 43, 3, 0, 6.36%, 1, 0, 4, 53.99
1712462914, 11, 29, 43, 3, 0, 6.36%, 1, 0, 4, 48.41
1712462924, 11, 30, 43, 3, 0, 6.36%, 1, 0, 4, 45.62
1712462929, 11, 33, 43, 3, 0, 6.36%, 1, 0, 4, 55.39
1712462934, 11, 35, 43, 3, 0, 6.36%, 1, 0, 4, 66.65
1712462939, 11, 39, 43, 3, 0, 6.36%, 1, 0, 4, 56.20
1712462944, 11, 41, 43, 3, 0, 6.36%, 1, 0, 4, 52.64
1712462949, 12, 6, 43, 3, 0, 6.36%, 1, 0, 4, 51.15
1712462954, 12, 8, 43, 3, 0, 6.36%, 1, 0, 4, 55.91
1712463036, 12, 14, 43, 2, 0, 6.36%, 1, 0, 4, 48.14
1712463046, 12, 16, 43, 2, 0, 6.36%, 1, 0, 4, 49.55
1712463051, 12, 17, 43, 2, 0, 6.36%, 1, 0, 4, 58.06
1712463061, 12, 20, 43, 2, 0, 6.36%, 1, 0, 4, 61.22
1712463066, 12, 22, 43, 2, 0, 6.36%, 1, 0, 4, 59.16
1712463071, 12, 23, 43, 2, 0, 6.36%, 1, 0, 4, 51.88
1712463076, 12, 24, 43, 2, 0, 6.36%, 1, 0, 4, 47.13
1712463081, 12, 29, 43, 2, 0, 6.36%, 1, 0, 4, 49.07
1712463086, 12, 30, 43, 2, 0, 6.36%, 1, 0, 4, 47.70
1712463091, 12, 33, 43, 2, 0, 6.36%, 1, 0, 4, 46.18
1712463096, 12, 35, 43, 2, 0, 6.36%, 1, 0, 4, 54.12
1712463107, 12, 39, 43, 2, 0, 6.36%, 1, 0, 4, 47.03
1712463112, 12, 41, 43, 2, 0, 6.36%, 1, 0, 4, 47.26
1712463117, 13, 6, 43, 2, 0, 6.36%, 1, 0, 4, 47.27
1712463122, 13, 11, 43, 2, 0, 6.36%, 1, 0, 4, 58.22
1712463127, 13, 12, 43, 2, 0, 6.36%, 1, 0, 4, 53.07
1712463132, 13, 13, 43, 2, 0, 6.36%, 1, 0, 4, 49.20
1712463137, 13, 14, 43, 2, 0, 6.36%, 1, 0, 4, 52.53
1712463142, 13, 15, 43, 2, 0, 6.36%, 1, 0, 4, 49.62
1712463147, 13, 16, 43, 2, 0, 6.36%, 1, 0, 4, 57.74
1712463152, 13, 17, 43, 2, 0, 6.36%, 1, 0, 4, 53.81
1712463157, 13, 19, 43, 2, 0, 6.36%, 1, 0, 4, 70.68
1712463203, 13, 20, 43, 1, 0, 6.36%, 1, 0, 4, 53.30
1712463208, 13, 22, 43, 1, 0, 6.36%, 1, 0, 4, 52.93
1712463213, 13, 24, 43, 1, 0, 6.36%, 1, 0, 4, 52.93
1712463223, 13, 29, 43, 1, 0, 6.36%, 1, 0, 4, 55.01
1712463228, 13, 33, 43, 1, 0, 6.36%, 1, 0, 4, 58.78
1712463233, 13, 35, 43, 1, 0, 6.36%, 1, 0, 4, 55.03
1712463238, 13, 39, 43, 1, 0, 6.36%, 1, 0, 4, 55.38
1712463249, 13, 41, 43, 1, 0, 6.36%, 1, 0, 4, 48.03
1712463254, 14, 6, 43, 1, 0, 6.36%, 1, 0, 4, 47.12
1712463259, 14, 13, 43, 1, 0, 6.36%, 1, 0, 4, 53.95
1712463264, 14, 14, 43, 1, 0, 6.36%, 1, 0, 4, 56.51
1712463269, 14, 15, 43, 1, 0, 6.36%, 1, 0, 4, 317.76
1712463274, 14, 16, 43, 1, 0, 6.36%, 1, 0, 4, 47.94
1712463279, 14, 29, 43, 1, 0, 6.36%, 1, 0, 4, 46.89
1712463289, 14, 31, 43, 1, 0, 6.36%, 1, 0, 4, 60.38
1712463294, 14, 33, 43, 1, 0, 6.36%, 1, 0, 4, 57.96
1712463304, 14, 35, 43, 1, 0, 6.36%, 1, 0, 4, 59.30
1712463309, 14, 39, 43, 1, 0, 6.36%, 1, 0, 4, 53.29
1712463314, 14, 41, 43, 1, 0, 6.36%, 1, 0, 4, 48.65
1712463319, 15, 6, 43, 1, 0, 6.36%, 1, 0, 4, 51.75
1712463324, 15, 8, 43, 1, 0, 6.36%, 1, 0, 4, 49.67
1712463329, 15, 13, 43, 1, 0, 6.36%, 1, 0, 4, 48.09
1712463335, 15, 14, 43, 1, 0, 6.36%, 1, 0, 4, 49.15
1712463340, 15, 15, 43, 1, 0, 6.36%, 1, 0, 4, 44.16
1712463345, 15, 16, 43, 1, 0, 6.36%, 1, 0, 4, 50.14
1712463350, 15, 17, 43, 1, 0, 6.36%, 1, 0, 4, 49.19
1712463355, 15, 20, 43, 1, 0, 6.36%, 1, 0, 4, 44.96
1712463365, 15, 24, 43, 1, 0, 6.36%, 1, 0, 4, 60.36
1712463375, 15, 29, 43, 1, 0, 6.36%, 1, 0, 4, 46.64
1712463380, 15, 30, 43, 1, 0, 6.36%, 1, 0, 4, 47.37
1712463385, 15, 33, 43, 1, 0, 6.36%, 1, 0, 4, 45.97
1712463390, 15, 35, 43, 1, 0, 6.36%, 1, 0, 4, 44.58
1712463395, 15, 39, 43, 1, 0, 6.36%, 1, 0, 4, 51.12
1712463406, 15, 41, 43, 1, 0, 6.36%, 1, 0, 4, 48.56
1712463411, 16, 6, 43, 1, 0, 6.36%, 1, 0, 4, 56.18
1712463416, 16, 14, 43, 1, 0, 6.36%, 1, 0, 4, 51.95
1712463426, 16, 16, 43, 1, 0, 6.36%, 1, 0, 4, 55.69
1712463431, 16, 17, 43, 1, 0, 6.36%, 1, 0, 4, 53.78
1712463436, 16, 20, 43, 1, 0, 6.36%, 1, 0, 4, 47.67
1712463441, 16, 22, 43, 1, 0, 6.36%, 1, 0, 4, 55.14
1712463446, 16, 24, 43, 1, 0, 6.36%, 1, 0, 4, 53.80
1712463456, 16, 29, 43, 1, 0, 6.36%, 1, 0, 4, 46.28
1712463461, 16, 30, 43, 1, 0, 6.36%, 1, 0, 4, 46.80
1712463466, 16, 33, 43, 1, 0, 6.36%, 1, 0, 4, 43.55
1712463471, 16, 35, 43, 1, 0, 6.36%, 1, 0, 4, 50.68
1712463476, 16, 39, 43, 1, 0, 6.36%, 1, 0, 4, 53.03
1712463486, 16, 41, 43, 1, 0, 6.36%, 1, 0, 4, 50.16
1712463491, 17, 0, 43, 1, 0, 6.36%, 1, 0, 4, 53.86
1712463497, 17, 0, 44, 2, 0, 6.36%, 1, 0, 4, 76.35
1712463568, 17, 6, 44, 1, 0, 6.36%, 1, 0, 4, 45.65
1712463573, 17, 13, 44, 1, 0, 6.36%, 1, 0, 4, 52.94
1712463578, 17, 14, 44, 1, 0, 6.36%, 1, 0, 4, 49.69
1712463583, 17, 15, 44, 1, 0, 6.36%, 1, 0, 4, 46.97
1712463588, 17, 16, 44, 1, 0, 6.36%, 1, 0, 4, 41.90
1712463593, 17, 17, 44, 1, 0, 6.36%, 1, 0, 4, 49.23
1712463598, 17, 20, 44, 1, 0, 6.36%, 1, 0, 4, 47.27
1712463604, 17, 22, 44, 1, 0, 6.36%, 1, 0, 4, 49.91
1712463609, 17, 24, 44, 1, 0, 6.36%, 1, 0, 4, 48.99
1712463619, 17, 29, 44, 1, 0, 6.36%, 1, 0, 4, 45.69
1712463624, 17, 30, 44, 1, 0, 6.36%, 1, 0, 4, 46.44
1712463629, 17, 33, 44, 1, 0, 6.36%, 1, 0, 4, 48.03
1712463634, 17, 35, 44, 1, 0, 6.36%, 1, 0, 4, 39.07
1712463644, 17, 39, 44, 1, 0, 6.36%, 1, 0, 4, 33.89
1712463649, 17, 41, 44, 1, 0, 6.36%, 1, 0, 4, 50.87
1712463667, 18, 13, 44, 1, 0, 6.36%, 1, 0, 4, 58.81
1712463672, 18, 14, 44, 1, 0, 6.36%, 1, 0, 4, 57.51
1712463677, 18, 15, 44, 1, 0, 6.36%, 1, 0, 4, 59.78
1712463682, 18, 16, 44, 1, 0, 6.36%, 1, 0, 4, 60.87
1712463687, 18, 17, 44, 1, 0, 6.36%, 1, 0, 4, 56.04
1712463692, 18, 20, 44, 1, 0, 6.36%, 1, 0, 4, 54.52
1712463697, 18, 22, 44, 1, 0, 6.36%, 1, 0, 4, 59.84
1712463702, 18, 24, 44, 1, 0, 6.36%, 1, 0, 4, 54.15
1712463707, 18, 29, 44, 1, 0, 6.36%, 1, 0, 4, 48.37
1712463712, 18, 30, 44, 1, 0, 6.36%, 1, 0, 4, 53.28
1712463717, 18, 33, 44, 1, 0, 6.36%, 1, 0, 4, 52.78
1712463723, 18, 34, 44, 1, 0, 6.36%, 1, 0, 4, 55.54
1712463728, 18, 35, 44, 1, 0, 6.36%, 1, 0, 4, 62.37
1712463733, 18, 39, 44, 1, 0, 6.36%, 1, 0, 4, 55.60
1712463738, 18, 41, 44, 1, 0, 6.36%, 1, 0, 4, 52.17
1712463743, 18, 43, 44, 1, 0, 6.36%, 1, 0, 4, 61.80
1712463829, 19, 13, 44, 0, 0, 6.36%, 1, 0, 4, 53.28
1712463835, 19, 14, 44, 0, 0, 6.36%, 1, 0, 4, 54.44
1712463840, 19, 15, 44, 0, 0, 6.36%, 1, 0, 4, 50.62
1712463845, 19, 16, 44, 0, 0, 6.36%, 1, 0, 4, 48.80
1712463850, 19, 17, 44, 0, 0, 6.36%, 1, 0, 4, 48.40
1712463855, 19, 20, 44, 0, 0, 6.36%, 1, 0, 4, 61.27
1712463860, 19, 22, 44, 0, 0, 6.36%, 1, 0, 4, 51.11
1712463865, 19, 24, 44, 0, 0, 6.36%, 1, 0, 4, 55.36
1712463870, 19, 29, 44, 0, 0, 6.36%, 1, 0, 4, 53.71
1712463875, 19, 30, 44, 0, 0, 6.36%, 1, 0, 4, 49.33
1712463881, 19, 33, 44, 0, 0, 6.36%, 1, 0, 4, 58.92
1712463886, 19, 35, 44, 0, 0, 6.36%, 1, 0, 4, 56.57
1712463891, 19, 39, 44, 0, 0, 6.36%, 1, 0, 4, 51.77
1712463896, 19, 41, 44, 0, 0, 6.36%, 1, 0, 4, 52.22
1712463901, 20, 6, 45, 1, 0, 6.36%, 1, 0, 4, 52.40
1712463906, 20, 13, 45, 1, 0, 6.36%, 1, 0, 4, 54.93
1712463911, 20, 14, 45, 1, 0, 6.36%, 1, 0, 4, 51.08
1712463921, 20, 16, 45, 1, 0, 6.36%, 1, 0, 4, 55.51
1712463926, 20, 17, 45, 1, 0, 6.36%, 1, 0, 4, 58.42
1712463932, 20, 19, 45, 1, 0, 6.36%, 1, 0, 4, 56.82
1712463937, 20, 20, 45, 1, 0, 6.36%, 1, 0, 4, 59.34
1712463942, 20, 22, 45, 1, 0, 6.36%, 1, 0, 4, 61.62
1712463947, 20, 24, 45, 1, 0, 6.36%, 1, 0, 4, 57.76
1712463952, 20, 29, 45, 1, 0, 6.36%, 1, 0, 4, 52.37
1712463957, 20, 30, 45, 1, 0, 6.36%, 1, 0, 4, 49.36
1712463962, 20, 32, 45, 1, 0, 6.36%, 1, 0, 4, 50.79
1712463972, 20, 33, 45, 1, 0, 6.36%, 1, 0, 4, 52.05
1712463977, 20, 35, 45, 1, 0, 6.36%, 1, 0, 4, 63.36
1712463982, 20, 39, 45, 1, 0, 6.36%, 1, 0, 4, 58.34
1712463987, 20, 41, 46, 2, 0, 6.36%, 1, 0, 4, 51.99
1712463992, 20, 45, 46, 2, 1, 6.36%, 1, 0, 4, 66.44
1712464069, 21, 4, 46, 1, 0, 6.36%, 1, 0, 4, 48.42
1712464074, 21, 6, 46, 1, 0, 6.36%, 1, 0, 4, 55.17
1712464079, 21, 13, 46, 1, 0, 6.36%, 1, 0, 4, 50.88
1712464084, 21, 14, 46, 1, 0, 6.36%, 1, 0, 4, 63.55
1712464089, 21, 15, 46, 1, 0, 6.36%, 1, 0, 4, 59.19
1712464094, 21, 16, 46, 1, 0, 6.36%, 1, 0, 4, 54.57
1712464099, 21, 17, 46, 1, 0, 6.36%, 1, 0, 4, 56.58
1712464104, 21, 22, 46, 1, 0, 6.36%, 1, 0, 4, 64.26
1712464115, 21, 24, 46, 1, 0, 6.36%, 1, 0, 4, 54.67
1712464120, 21, 27, 46, 1, 0, 6.36%, 1, 0, 4, 55.99
1712464125, 21, 29, 46, 1, 0, 6.36%, 1, 0, 4, 52.92
1712464130, 21, 30, 46, 1, 0, 6.36%, 1, 0, 4, 52.72
1712464135, 21, 33, 46, 1, 0, 6.36%, 1, 0, 4, 58.36
1712464140, 21, 35, 46, 1, 0, 6.36%, 1, 0, 4, 49.78
1712464145, 21, 41, 46, 1, 0, 6.36%, 1, 0, 4, 49.30
1712464474, 21, 45, 46, 1, 0, 6.36%, 1, 0, 4, 44.40
1712464494, 22, 6, 46, 1, 0, 6.36%, 1, 0, 4, 50.56
1712464499, 22, 13, 46, 1, 0, 6.36%, 1, 0, 4, 58.28
1712464504, 22, 14, 46, 1, 0, 6.36%, 1, 0, 4, 64.16
