# unix_time, cycles_done, cur_path, paths_total, pending_total, pending_favs, map_size, unique_crashes, unique_hangs, max_depth, execs_per_sec
1713079941, 0, 0, 9, 9, 7, 5.65%, 0, 0, 1, 31.53
1713079946, 0, 0, 14, 14, 7, 5.70%, 1, 0, 2, 104.83
1713079951, 0, 0, 15, 15, 7, 5.70%, 1, 0, 2, 154.20
1713079961, 0, 0, 17, 17, 7, 5.74%, 1, 0, 2, 79.40
1713079966, 0, 0, 18, 18, 7, 5.74%, 1, 0, 2, 66.38
1713079971, 0, 0, 21, 21, 7, 5.76%, 1, 0, 2, 52.63
1713079997, 0, 0, 22, 22, 7, 5.76%, 1, 0, 2, 11.72
1713080002, 0, 1, 26, 25, 13, 6.09%, 1, 0, 2, 136.69
1713080018, 0, 5, 29, 27, 11, 6.09%, 1, 0, 2, 75.06
1713080028, 0, 5, 30, 28, 11, 6.09%, 1, 0, 2, 68.91
1713080043, 0, 5, 31, 29, 11, 6.10%, 1, 0, 2, 380.50
1713080053, 0, 5, 32, 30, 11, 6.10%, 1, 0, 2, 67.43
1713080058, 0, 5, 33, 31, 11, 6.10%, 1, 0, 2, 86.89
1713080063, 0, 5, 34, 32, 11, 6.10%, 1, 0, 2, 64.63
1713080068, 0, 6, 34, 31, 12, 6.10%, 1, 0, 2, 62.58
1713080125, 0, 15, 34, 30, 11, 6.10%, 1, 0, 2, 66.17
1713080175, 0, 16, 34, 29, 10, 6.10%, 1, 0, 2, 65.79
1713080190, 0, 16, 35, 30, 10, 6.10%, 1, 0, 3, 59.17
1713080226, 0, 17, 35, 29, 10, 6.10%, 1, 0, 3, 66.96
1713080251, 0, 17, 37, 31, 10, 6.10%, 1, 0, 3, 59.52
1713080282, 0, 18, 37, 30, 9, 6.10%, 1, 0, 3, 78.04
1713080287, 0, 18, 38, 31, 9, 6.11%, 1, 0, 3, 55.62
1713080313, 0, 20, 38, 30, 9, 6.11%, 1, 0, 3, 75.65
1713080333, 0, 24, 38, 29, 8, 6.11%, 1, 0, 3, 69.70
1713080348, 0, 25, 38, 28, 7, 6.11%, 1, 0, 3, 53.47
1713080353, 0, 25, 40, 30, 7, 6.11%, 1, 0, 3, 78.66
1713080363, 0, 28, 40, 29, 6, 6.11%, 1, 0, 3, 51.98
1713080374, 0, 29, 41, 29, 4, 6.11%, 1, 0, 3, 64.54
1713080429, 0, 30, 41, 28, 3, 6.11%, 1, 0, 3, 68.36
1713080480, 0, 37, 41, 27, 2, 6.11%, 1, 0, 3, 48.91
1713080511, 0, 38, 41, 26, 1, 6.11%, 1, 0, 3, 52.37
1713080521, 1, 14, 41, 25, 0, 6.11%, 1, 0, 3, 51.66
1713080577, 1, 24, 41, 24, 0, 6.11%, 1, 0, 3, 53.15
1713080582, 1, 31, 41, 24, 0, 6.11%, 1, 0, 3, 61.16
1713080587, 1, 31, 42, 25, 0, 6.11%, 1, 0, 3, 63.59
1713080637, 1, 35, 43, 25, 0, 6.11%, 1, 0, 4, 64.71
1713080652, 1, 35, 44, 26, 0, 6.11%, 1, 0, 4, 52.41
1713080678, 1, 43, 44, 25, 1, 6.11%, 1, 0, 4, 63.48
1713080699, 1, 43, 46, 27, 1, 6.11%, 1, 0, 5, 59.32
1713080734, 2, 9, 46, 26, 0, 6.11%, 1, 0, 5, 62.05
1713080790, 3, 2, 46, 25, 0, 6.11%, 1, 0, 5, 141.52
1713080861, 3, 6, 46, 24, 0, 6.11%, 1, 0, 5, 242.98
1713080866, 3, 19, 46, 24, 0, 6.11%, 1, 0, 5, 201.72
1713080917, 3, 20, 46, 23, 0, 6.11%, 1, 0, 5, 174.21
1713080922, 3, 22, 46, 23, 0, 6.11%, 1, 0, 5, 122.62
1713080932, 3, 27, 46, 22, 0, 6.11%, 1, 0, 5, 152.64
1713080973, 3, 28, 46, 21, 0, 6.11%, 1, 0, 5, 178.89
1713080978, 3, 34, 46, 21, 0, 6.11%, 1, 0, 5, 140.68
1713081029, 3, 41, 46, 20, 0, 6.11%, 1, 0, 5, 162.43
1713081075, 3, 42, 46, 19, 0, 6.11%, 1, 0, 5, 102.84
1713081116, 3, 43, 47, 19, 0, 6.11%, 1, 0, 5, 216.70
1713081121, 3, 45, 47, 19, 0, 6.11%, 1, 0, 5, 124.00
1713081166, 3, 46, 47, 18, 0, 6.11%, 1, 0, 5, 119.63
1713081207, 4, 6, 47, 17, 0, 6.11%, 1, 0, 5, 224.66
1713081212, 4, 11, 47, 17, 0, 6.11%, 1, 0, 5, 131.59
1713081243, 4, 12, 47, 16, 0, 6.11%, 1, 0, 5, 106.16
1713081284, 4, 13, 47, 15, 0, 6.11%, 1, 0, 5, 194.38
1713081299, 4, 15, 47, 14, 0, 6.11%, 1, 0, 5, 369.66
1713081304, 4, 22, 48, 15, 0, 6.11%, 5, 0, 5, 298.10
1713081309, 4, 26, 49, 16, 0, 100.00%, 5, 0, 5, 59.18
1713081345, 4, 38, 49, 15, 0, 100.00%, 5, 0, 5, 248.82
1713081350, 5, 13, 49, 15, 0, 100.00%, 5, 0, 5, 276.71
1713081355, 5, 24, 49, 15, 0, 100.00%, 5, 0, 5, 277.48
1713081360, 5, 32, 49, 15, 0, 100.00%, 5, 0, 5, 49.89
1713081411, 5, 34, 49, 14, 0, 100.00%, 5, 0, 5, 169.87
1713081416, 5, 40, 49, 14, 0, 100.00%, 5, 0, 5, 131.34
1713081472, 6, 15, 49, 13, 0, 100.00%, 5, 0, 5, 244.24
1713081477, 6, 25, 50, 14, 0, 100.00%, 6, 0, 5, 286.47
1713081513, 6, 49, 52, 16, 1, 100.00%, 7, 0, 5, 384.52
1713081518, 7, 0, 52, 15, 0, 100.00%, 7, 0, 5, 386.19
1713081523, 7, 4, 52, 15, 0, 100.00%, 7, 0, 5, 46.15
1713081543, 7, 6, 52, 14, 0, 100.00%, 7, 0, 5, 186.96
1713081548, 7, 23, 52, 14, 0, 100.00%, 7, 0, 5, 286.15
1713081564, 7, 32, 52, 13, 0, 100.00%, 7, 0, 5, 265.64
1713081569, 7, 43, 52, 13, 0, 100.00%, 7, 0, 5, 267.51
1713081574, 7, 51, 52, 12, 0, 100.00%, 7, 0, 5, 450.43
1713081584, 8, 8, 52, 11, 0, 100.00%, 7, 0, 5, 70.01
1713081650, 8, 10, 52, 10, 0, 100.00%, 7, 0, 5, 121.12
1713081706, 8, 18, 52, 9, 0, 100.00%, 7, 0, 5, 285.84
1713081711, 8, 21, 52, 9, 0, 100.00%, 7, 0, 5, 146.67
1713081762, 8, 21, 53, 10, 0, 100.00%, 7, 0, 5, 50.01
1713081777, 8, 29, 53, 9, 0, 100.00%, 7, 0, 5, 269.51
1713081782, 8, 49, 53, 9, 0, 100.00%, 7, 0, 5, 305.56
1713081787, 9, 13, 53, 9, 0, 100.00%, 7, 0, 5, 269.65
1713081793, 9, 24, 53, 9, 0, 100.00%, 7, 0, 5, 291.09
1713081798, 9, 30, 54, 10, 0, 100.00%, 7, 0, 5, 260.01
1713081803, 9, 53, 54, 10, 0, 100.00%, 7, 0, 5, 47.82
1713081808, 9, 53, 55, 11, 0, 100.00%, 7, 0, 5, 59.69
1713081879, 10, 3, 55, 10, 0, 100.00%, 7, 0, 5, 110.65
1713081920, 10, 3, 56, 11, 0, 100.00%, 7, 0, 5, 66.93
1713081930, 10, 36, 56, 10, 1, 100.00%, 7, 0, 5, 123.65
1713081986, 10, 55, 56, 9, 1, 100.00%, 7, 0, 5, 124.69
1713082046, 11, 6, 56, 8, 0, 100.00%, 7, 0, 5, 216.68
1713082052, 11, 20, 56, 8, 0, 100.00%, 7, 0, 5, 275.80
1713082057, 11, 30, 56, 8, 0, 100.00%, 7, 0, 5, 275.22
1713082062, 11, 52, 56, 8, 0, 100.00%, 7, 0, 5, 291.92
1713082133, 12, 13, 56, 7, 0, 100.00%, 7, 0, 5, 265.79
1713082138, 12, 23, 56, 7, 0, 100.00%, 7, 0, 5, 295.68
1713082143, 12, 30, 56, 7, 0, 100.00%, 7, 0, 5, 274.48
1713082148, 12, 55, 56, 7, 0, 100.00%, 7, 0, 5, 316.27
1713082153, 13, 18, 56, 7, 0, 100.00%, 7, 0, 5, 286.07
1713082158, 13, 30, 56, 7, 0, 100.00%, 7, 0, 5, 303.47
1713082163, 13, 43, 56, 7, 0, 100.00%, 7, 0, 5, 278.86
1713082168, 13, 44, 56, 7, 0, 100.00%, 7, 0, 5, 74.98
1713082214, 13, 49, 56, 6, 0, 100.00%, 7, 0, 5, 388.53
1713082224, 13, 49, 56, 6, 0, 100.00%, 11, 0, 5, 436.54
1713082229, 13, 49, 56, 6, 0, 100.00%, 13, 0, 5, 425.35
1713082234, 13, 49, 56, 6, 0, 100.00%, 14, 0, 5, 448.11
1713082240, 13, 49, 56, 6, 0, 100.00%, 16, 0, 5, 436.36
1713082245, 14, 13, 57, 7, 0, 100.00%, 19, 0, 5, 341.65
1713082250, 14, 23, 57, 7, 0, 100.00%, 19, 0, 5, 315.78
1713082255, 14, 38, 57, 7, 0, 100.00%, 19, 0, 5, 279.74
1713082260, 14, 52, 57, 7, 0, 100.00%, 19, 0, 5, 291.08
1713082265, 15, 16, 57, 7, 0, 100.00%, 19, 0, 5, 275.04
1713082270, 15, 28, 57, 7, 0, 100.00%, 19, 0, 5, 265.09
1713082276, 15, 38, 57, 7, 0, 100.00%, 19, 0, 5, 262.93
1713082281, 15, 39, 57, 7, 0, 100.00%, 19, 0, 5, 47.65
1713082291, 15, 53, 57, 6, 0, 100.00%, 19, 0, 5, 305.44
1713082296, 16, 13, 57, 6, 0, 100.00%, 19, 0, 5, 272.62
1713082301, 16, 23, 57, 6, 0, 100.00%, 19, 0, 5, 281.84
1713082306, 16, 30, 57, 6, 0, 100.00%, 19, 0, 5, 261.16
1713082311, 16, 55, 57, 6, 0, 100.00%, 19, 0, 5, 275.38
1713082316, 17, 20, 57, 6, 0, 100.00%, 19, 0, 5, 292.68
1713082321, 17, 23, 57, 6, 0, 100.00%, 19, 0, 5, 344.75
1713082326, 17, 23, 58, 7, 0, 100.00%, 19, 0, 5, 338.26
1713082362, 17, 32, 58, 7, 0, 100.00%, 19, 0, 5, 297.17
1713082367, 17, 54, 58, 7, 0, 100.00%, 19, 0, 5, 304.27
1713082448, 18, 7, 58, 6, 0, 100.00%, 19, 0, 5, 214.28
1713082473, 18, 16, 58, 5, 0, 100.00%, 19, 0, 5, 225.15
1713082479, 18, 26, 58, 5, 0, 100.00%, 19, 0, 5, 263.72
1713082484, 18, 38, 58, 5, 0, 100.00%, 19, 0, 5, 273.06
1713082489, 19, 6, 58, 5, 0, 100.00%, 19, 0, 5, 288.41
1713082494, 19, 16, 58, 5, 0, 100.00%, 19, 0, 5, 303.51
1713082499, 19, 29, 58, 5, 0, 100.00%, 19, 0, 5, 302.06
1713082504, 19, 40, 58, 5, 0, 100.00%, 19, 0, 5, 293.45
1713082509, 20, 6, 59, 6, 0, 100.00%, 19, 0, 5, 286.48
1713082514, 20, 20, 59, 6, 0, 100.00%, 19, 0, 5, 279.64
1713082519, 20, 30, 59, 6, 0, 100.00%, 19, 0, 5, 272.44
1713082524, 20, 55, 59, 6, 0, 100.00%, 19, 0, 5, 337.90
1713082529, 20, 57, 59, 6, 0, 100.00%, 19, 0, 5, 444.15
1713082535, 20, 58, 59, 5, 0, 100.00%, 19, 0, 5, 58.87
1713082601, 21, 16, 59, 4, 0, 100.00%, 19, 0, 5, 282.17
1713082606, 21, 29, 59, 4, 0, 100.00%, 19, 0, 5, 302.71
1713082611, 21, 42, 59, 4, 0, 100.00%, 19, 0, 5, 290.21
1713082616, 22, 13, 59, 4, 0, 100.00%, 19, 0, 5, 290.82
1713082621, 22, 22, 59, 4, 0, 100.00%, 19, 0, 5, 288.53
1713082626, 22, 33, 59, 4, 0, 100.00%, 19, 0, 5, 274.37
1713082698, 22, 33, 60, 4, 0, 100.00%, 19, 0, 5, 88.67
1713082713, 22, 55, 60, 4, 0, 100.00%, 19, 0, 5, 306.56
1713082718, 23, 16, 60, 4, 0, 100.00%, 19, 0, 5, 285.65
1713082723, 23, 29, 60, 4, 0, 100.00%, 19, 0, 5, 304.69
1713082728, 23, 49, 60, 4, 0, 100.00%, 19, 0, 5, 292.72
1713082734, 24, 14, 60, 4, 0, 100.00%, 19, 0, 5, 285.94
1713082739, 24, 23, 60, 4, 0, 100.00%, 19, 0, 5, 288.78
1713082744, 24, 37, 60, 4, 0, 100.00%, 19, 0, 5, 280.82
1713082749, 25, 13, 60, 4, 0, 100.00%, 19, 0, 5, 298.08
1713082754, 25, 23, 60, 4, 0, 100.00%, 19, 0, 5, 291.14
1713082759, 25, 30, 60, 4, 0, 100.00%, 19, 0, 5, 270.69
1713082764, 25, 55, 60, 4, 0, 100.00%, 19, 0, 5, 328.07
1713082815, 26, 16, 60, 4, 0, 100.00%, 19, 0, 5, 277.54
1713082820, 26, 28, 60, 4, 0, 100.00%, 19, 0, 5, 296.81
1713082825, 26, 38, 60, 4, 0, 100.00%, 19, 0, 5, 283.15
1713082830, 27, 6, 60, 4, 0, 100.00%, 19, 0, 5, 301.50
1713082835, 27, 18, 60, 4, 0, 100.00%, 19, 0, 5, 262.30
1713082840, 27, 28, 60, 4, 0, 100.00%, 19, 0, 5, 286.15
1713082845, 27, 38, 60, 4, 0, 100.00%, 19, 0, 5, 281.42
1713082850, 28, 13, 60, 4, 0, 100.00%, 19, 0, 5, 315.70
1713082855, 28, 23, 60, 4, 0, 100.00%, 19, 0, 5, 312.13
1713082860, 28, 38, 60, 4, 0, 100.00%, 19, 0, 5, 311.18
1713082866, 29, 13, 60, 4, 0, 100.00%, 19, 0, 5, 334.06
1713082871, 29, 20, 60, 4, 0, 100.00%, 19, 0, 5, 298.15
1713082876, 29, 37, 60, 4, 0, 100.00%, 19, 0, 5, 297.17
1713082881, 29, 55, 60, 4, 0, 100.00%, 19, 0, 5, 307.76
1713082886, 29, 59, 60, 4, 0, 100.00%, 19, 0, 5, 62.53
1713082947, 30, 18, 60, 3, 0, 100.00%, 19, 0, 5, 263.20
1713082952, 30, 29, 60, 3, 0, 100.00%, 19, 0, 5, 275.03
1713082957, 30, 43, 60, 3, 0, 100.00%, 19, 0, 5, 276.97
1713082962, 30, 58, 60, 3, 0, 100.00%, 19, 0, 5, 306.84
1713082972, 31, 0, 60, 3, 0, 100.00%, 19, 0, 5, 371.81
1713082978, 31, 18, 60, 3, 0, 100.00%, 19, 0, 5, 301.51
1713082983, 31, 29, 60, 3, 0, 100.00%, 19, 0, 5, 292.53
1713082988, 31, 49, 60, 3, 0, 100.00%, 19, 0, 5, 308.52
1713082993, 32, 13, 60, 3, 0, 100.00%, 19, 0, 5, 297.19
1713082998, 32, 20, 60, 3, 0, 100.00%, 19, 0, 5, 279.32
1713083003, 32, 30, 60, 3, 0, 100.00%, 19, 0, 5, 269.25
1713083008, 32, 39, 60, 3, 0, 100.00%, 19, 0, 5, 298.39
1713083013, 33, 6, 60, 3, 0, 100.00%, 19, 0, 5, 320.01
1713083018, 33, 20, 60, 3, 0, 100.00%, 19, 0, 5, 301.16
1713083023, 33, 30, 60, 3, 0, 100.00%, 19, 0, 5, 285.14
1713083028, 33, 55, 60, 3, 0, 100.00%, 19, 0, 5, 299.14
1713083034, 34, 16, 60, 3, 0, 100.00%, 19, 0, 5, 264.47
1713083039, 34, 20, 60, 3, 0, 100.00%, 19, 0, 5, 341.25
1713083079, 34, 28, 60, 3, 0, 100.00%, 19, 0, 5, 331.15
1713083084, 34, 43, 60, 3, 0, 100.00%, 19, 0, 5, 303.79
1713083089, 35, 6, 60, 3, 0, 100.00%, 19, 0, 5, 274.80
1713083094, 35, 20, 60, 3, 0, 100.00%, 19, 0, 5, 270.27
1713083100, 35, 37, 60, 3, 0, 100.00%, 19, 0, 5, 270.46
1713083105, 36, 1, 60, 3, 0, 100.00%, 19, 0, 5, 319.52
1713083110, 36, 16, 60, 3, 0, 100.00%, 19, 0, 5, 297.83
1713083115, 36, 29, 60, 3, 0, 100.00%, 19, 0, 5, 302.44
1713083120, 36, 42, 60, 3, 0, 100.00%, 19, 0, 5, 287.32
1713083125, 37, 13, 60, 3, 0, 100.00%, 19, 0, 5, 292.10
1713083130, 37, 23, 60, 3, 0, 100.00%, 19, 0, 5, 314.74
1713083135, 37, 30, 60, 3, 0, 100.00%, 19, 0, 5, 265.24
1713083140, 37, 44, 60, 3, 0, 100.00%, 19, 0, 5, 266.86
1713083145, 37, 54, 60, 3, 0, 100.00%, 19, 0, 5, 257.94
1713083150, 38, 6, 60, 3, 0, 100.00%, 19, 0, 5, 238.77
1713083155, 38, 20, 60, 3, 0, 100.00%, 19, 0, 5, 294.63
1713083160, 38, 30, 60, 3, 0, 100.00%, 19, 0, 5, 279.41
1713083166, 39, 6, 60, 3, 0, 100.00%, 19, 0, 5, 291.36
1713083171, 39, 20, 60, 3, 0, 100.00%, 19, 0, 5, 299.14
1713083176, 39, 23, 60, 3, 0, 100.00%, 19, 0, 5, 362.76
1713083216, 39, 38, 60, 3, 0, 100.00%, 19, 0, 5, 303.25
1713083222, 40, 13, 60, 3, 0, 100.00%, 19, 0, 5, 300.31
1713083227, 40, 23, 60, 3, 0, 100.00%, 19, 0, 5, 302.82
1713083232, 40, 38, 60, 3, 0, 100.00%, 19, 0, 5, 306.24
1713083237, 41, 4, 60, 3, 0, 100.00%, 19, 0, 5, 312.97
1713083242, 41, 16, 60, 3, 0, 100.00%, 19, 0, 5, 320.11
1713083247, 41, 25, 60, 3, 0, 100.00%, 19, 0, 5, 296.60
1713083252, 41, 38, 60, 3, 0, 100.00%, 19, 0, 5, 261.95
1713083257, 42, 13, 60, 3, 0, 100.00%, 19, 0, 5, 305.74
1713083262, 42, 23, 60, 3, 0, 100.00%, 19, 0, 5, 330.42
1713083267, 42, 37, 60, 3, 0, 100.00%, 19, 0, 5, 284.78
1713083272, 42, 45, 60, 3, 0, 100.00%, 19, 0, 5, 329.70
1713083278, 43, 16, 60, 3, 0, 100.00%, 19, 0, 5, 313.29
1713083283, 43, 29, 60, 3, 0, 100.00%, 19, 0, 5, 311.37
1713083288, 43, 43, 60, 3, 0, 100.00%, 19, 0, 5, 293.14
1713083293, 44, 16, 60, 3, 0, 100.00%, 19, 0, 5, 310.65
1713083298, 44, 28, 60, 3, 0, 100.00%, 19, 0, 5, 297.91
1713083303, 44, 37, 60, 3, 0, 100.00%, 19, 0, 5, 257.77
1713083308, 45, 0, 60, 3, 0, 100.00%, 19, 0, 5, 283.39
1713083313, 45, 15, 60, 3, 0, 100.00%, 19, 0, 5, 290.79
1713083318, 45, 25, 60, 3, 0, 100.00%, 19, 0, 5, 299.64
1713083323, 45, 37, 60, 3, 0, 100.00%, 19, 0, 5, 263.76
1713083328, 46, 6, 60, 3, 0, 100.00%, 19, 0, 5, 302.30
1713083333, 46, 10, 60, 3, 0, 100.00%, 19, 0, 5, 263.75
1713083339, 46, 20, 60, 3, 0, 100.00%, 19, 0, 5, 271.13
1713083344, 46, 31, 60, 3, 0, 100.00%, 19, 0, 5, 293.21
1713083349, 46, 55, 60, 3, 0, 100.00%, 19, 0, 5, 315.89
1713083354, 47, 16, 60, 3, 0, 100.00%, 19, 0, 5, 286.79
1713083359, 47, 28, 60, 3, 0, 100.00%, 19, 0, 5, 293.10
1713083364, 47, 38, 61, 4, 0, 100.00%, 19, 0, 5, 260.90
1713083369, 47, 59, 61, 4, 0, 100.00%, 19, 0, 5, 266.81
1713083374, 48, 15, 61, 4, 0, 100.00%, 19, 0, 5, 280.51
1713083379, 48, 29, 61, 4, 0, 100.00%, 19, 0, 5, 305.44
1713083384, 48, 43, 61, 4, 0, 100.00%, 19, 0, 5, 276.83
1713083389, 49, 11, 61, 4, 0, 100.00%, 19, 0, 5, 313.54
1713083394, 49, 20, 61, 4, 0, 100.00%, 19, 0, 5, 295.28
1713083399, 49, 27, 61, 4, 0, 100.00%, 19, 0, 5, 258.41
1713083404, 49, 38, 61, 4, 0, 100.00%, 19, 0, 5, 272.44
1713083409, 49, 60, 61, 4, 0, 100.00%, 19, 0, 5, 52.86
1713083465, 50, 16, 61, 3, 0, 100.00%, 19, 0, 5, 318.17
1713083471, 50, 29, 61, 3, 0, 100.00%, 19, 0, 5, 299.38
1713083476, 50, 43, 61, 3, 0, 100.00%, 19, 0, 5, 265.78
1713083481, 51, 6, 61, 3, 0, 100.00%, 19, 0, 5, 309.84
1713083486, 51, 6, 62, 4, 0, 100.00%, 19, 0, 5, 306.17
1713083521, 51, 13, 62, 4, 0, 100.00%, 19, 0, 5, 346.98
1713083527, 51, 23, 62, 4, 0, 100.00%, 19, 0, 5, 317.04
1713083532, 51, 34, 62, 4, 0, 100.00%, 19, 0, 5, 277.33
1713083537, 51, 55, 62, 4, 0, 100.00%, 19, 0, 5, 298.02
1713083542, 51, 61, 62, 4, 0, 100.00%, 19, 0, 5, 432.50
1713083547, 52, 6, 62, 3, 0, 100.00%, 19, 0, 5, 357.31
1713083552, 52, 23, 62, 3, 0, 100.00%, 19, 0, 5, 321.31
1713083557, 52, 30, 62, 3, 0, 100.00%, 19, 0, 5, 298.55
1713083562, 52, 45, 62, 3, 0, 100.00%, 19, 0, 5, 292.47
1713083568, 53, 6, 62, 3, 0, 100.00%, 19, 0, 5, 316.90
1713083573, 53, 20, 62, 3, 0, 100.00%, 19, 0, 5, 256.23
1713083578, 53, 30, 62, 3, 0, 100.00%, 19, 0, 5, 274.59
1713083583, 53, 55, 62, 3, 0, 100.00%, 19, 0, 5, 287.70
1713083588, 54, 15, 62, 3, 0, 100.00%, 19, 0, 5, 297.70
1713083593, 54, 25, 62, 3, 0, 100.00%, 19, 0, 5, 327.16
1713083598, 54, 34, 62, 3, 0, 100.00%, 19, 0, 5, 263.27
1713083603, 54, 49, 62, 3, 0, 100.00%, 19, 0, 5, 274.51
1713083608, 55, 16, 62, 3, 0, 100.00%, 19, 0, 5, 272.36
1713083613, 55, 28, 62, 3, 0, 100.00%, 19, 0, 5, 301.70
1713083619, 55, 43, 62, 3, 0, 100.00%, 19, 0, 5, 266.81
1713083624, 55, 61, 62, 3, 0, 100.00%, 19, 0, 5, 397.77
1713083629, 56, 15, 62, 3, 0, 100.00%, 19, 0, 5, 318.53
1713083634, 56, 23, 62, 3, 0, 100.00%, 19, 0, 5, 294.95
1713083639, 56, 35, 62, 3, 0, 100.00%, 19, 0, 5, 287.23
1713083644, 56, 55, 62, 3, 0, 100.00%, 19, 0, 5, 304.46
1713083649, 56, 60, 62, 3, 0, 100.00%, 19, 0, 5, 279.95
1713083654, 57, 15, 62, 3, 0, 100.00%, 19, 0, 5, 283.02
1713083660, 57, 25, 62, 3, 0, 100.00%, 19, 0, 5, 294.93
1713083665, 57, 38, 62, 3, 0, 100.00%, 19, 0, 5, 320.69
1713083705, 57, 55, 62, 3, 0, 100.00%, 19, 0, 5, 336.03
1713083711, 58, 18, 62, 3, 0, 100.00%, 19, 0, 5, 292.41
1713083716, 58, 29, 62, 3, 0, 100.00%, 19, 0, 5, 250.27
1713083721, 58, 43, 62, 3, 0, 100.00%, 19, 0, 5, 256.90
1713083726, 59, 15, 62, 3, 0, 100.00%, 19, 0, 5, 287.61
1713083772, 59, 20, 62, 3, 0, 100.00%, 19, 0, 5, 311.96
1713083777, 59, 30, 62, 3, 0, 100.00%, 19, 0, 5, 276.49
1713083782, 59, 55, 62, 3, 0, 100.00%, 19, 0, 5, 293.80
1713083787, 60, 13, 62, 3, 0, 100.00%, 19, 0, 5, 298.68
1713083792, 60, 23, 62, 3, 0, 100.00%, 19, 0, 5, 286.41
1713083797, 60, 30, 62, 3, 0, 100.00%, 19, 0, 5, 257.38
1713083802, 60, 49, 62, 3, 0, 100.00%, 19, 0, 5, 303.61
1713083807, 61, 6, 62, 3, 0, 100.00%, 19, 0, 5, 265.34
1713083812, 61, 20, 62, 3, 0, 100.00%, 19, 0, 5, 289.02
1713083817, 61, 30, 62, 3, 0, 100.00%, 19, 0, 5, 290.66
1713083822, 61, 55, 62, 3, 0, 100.00%, 19, 0, 5, 308.81
1713083827, 62, 15, 62, 3, 0, 100.00%, 19, 0, 5, 287.55
1713083832, 62, 28, 62, 3, 0, 100.00%, 19, 0, 5, 291.29
1713083838, 62, 32, 62, 3, 0, 100.00%, 19, 0, 5, 266.26
1713083843, 62, 49, 62, 3, 0, 100.00%, 19, 0, 5, 321.91
1713083848, 63, 16, 62, 3, 0, 100.00%, 19, 0, 5, 298.26
1713083853, 63, 25, 62, 3, 0, 100.00%, 19, 0, 5, 284.56
1713083858, 63, 38, 62, 3, 0, 100.00%, 19, 0, 5, 276.01
1713083863, 64, 0, 62, 3, 0, 100.00%, 19, 0, 5, 298.79
1713083868, 64, 16, 62, 3, 0, 100.00%, 19, 0, 5, 264.73
1713083873, 64, 28, 62, 3, 0, 100.00%, 19, 0, 5, 272.86
1713083878, 64, 43, 62, 3, 0, 100.00%, 19, 0, 5, 285.61
1713083884, 65, 16, 62, 3, 0, 100.00%, 19, 0, 5, 300.56
1713083889, 65, 26, 62, 3, 0, 100.00%, 19, 0, 5, 283.37
1713083894, 65, 43, 62, 3, 0, 100.00%, 19, 0, 5, 296.86
1713083899, 66, 7, 62, 3, 0, 100.00%, 19, 0, 5, 283.90
1713083904, 66, 18, 62, 3, 0, 100.00%, 19, 0, 5, 281.17
1713083909, 66, 29, 62, 3, 0, 100.00%, 19, 0, 5, 291.50
1713083914, 66, 49, 62, 3, 0, 100.00%, 19, 0, 5, 283.29
1713083919, 67, 16, 62, 3, 0, 100.00%, 19, 0, 5, 278.64
1713083924, 67, 24, 62, 3, 0, 100.00%, 19, 0, 5, 298.82
1713083929, 67, 30, 62, 3, 0, 100.00%, 19, 0, 5, 285.64
1713083934, 67, 44, 62, 3, 0, 100.00%, 19, 0, 5, 256.74
1713083939, 68, 6, 62, 3, 0, 100.00%, 19, 0, 5, 277.07
1713083944, 68, 20, 62, 3, 0, 100.00%, 19, 0, 5, 286.51
1713083950, 68, 37, 62, 3, 0, 100.00%, 19, 0, 5, 295.18
1713083955, 69, 1, 62, 3, 0, 100.00%, 19, 0, 5, 310.94
1713083960, 69, 15, 62, 3, 0, 100.00%, 19, 0, 5, 278.26
1713083965, 69, 23, 62, 3, 0, 100.00%, 19, 0, 5, 261.44
1713083970, 69, 30, 62, 3, 0, 100.00%, 19, 0, 5, 261.82
1713083975, 70, 0, 62, 3, 0, 100.00%, 19, 0, 5, 299.89
1713083980, 70, 16, 62, 3, 0, 100.00%, 19, 0, 5, 289.22
1713083985, 70, 24, 62, 3, 0, 100.00%, 19, 0, 5, 303.75
1713083990, 70, 37, 62, 3, 0, 100.00%, 19, 0, 5, 271.93
1713083996, 70, 40, 62, 3, 0, 100.00%, 19, 0, 5, 263.23
1713084001, 70, 55, 62, 3, 0, 100.00%, 19, 0, 5, 266.22
1713084006, 71, 18, 62, 3, 0, 100.00%, 19, 0, 5, 274.09
1713084011, 71, 29, 62, 3, 0, 100.00%, 19, 0, 5, 274.13
1713084016, 71, 43, 62, 3, 0, 100.00%, 19, 0, 5, 268.91
1713084021, 72, 6, 62, 3, 0, 100.00%, 19, 0, 5, 288.18
1713084026, 72, 17, 62, 3, 0, 100.00%, 19, 0, 5, 290.38
1713084031, 72, 23, 62, 3, 0, 100.00%, 19, 0, 5, 287.61
1713084037, 72, 30, 62, 3, 0, 100.00%, 19, 0, 5, 280.34
1713084042, 72, 46, 62, 3, 0, 100.00%, 19, 0, 5, 315.53
1713084047, 73, 16, 62, 3, 0, 100.00%, 19, 0, 5, 308.97
1713084052, 73, 29, 62, 3, 0, 100.00%, 19, 0, 5, 312.85
1713084057, 73, 43, 62, 3, 0, 100.00%, 19, 0, 5, 306.83
1713084062, 74, 10, 62, 3, 0, 100.00%, 19, 0, 5, 300.93
1713084067, 74, 18, 62, 3, 0, 100.00%, 19, 0, 5, 264.75
1713084072, 74, 29, 62, 3, 0, 100.00%, 19, 0, 5, 300.19
1713084077, 74, 49, 62, 3, 0, 100.00%, 19, 0, 5, 307.77
1713084082, 75, 16, 62, 3, 0, 100.00%, 19, 0, 5, 273.56
1713084087, 75, 29, 62, 3, 0, 100.00%, 19, 0, 5, 282.30
1713084093, 75, 33, 62, 3, 0, 100.00%, 19, 0, 5, 256.28
1713084098, 75, 50, 62, 3, 0, 100.00%, 19, 0, 5, 335.54
1713084103, 76, 13, 62, 3, 0, 100.00%, 19, 0, 5, 287.10
1713084108, 76, 23, 62, 3, 0, 100.00%, 19, 0, 5, 298.48
1713084113, 76, 37, 62, 3, 0, 100.00%, 19, 0, 5, 296.39
1713084118, 77, 6, 62, 3, 0, 100.00%, 19, 0, 5, 279.02
1713084123, 77, 16, 62, 3, 0, 100.00%, 19, 0, 5, 267.39
1713084128, 77, 29, 62, 3, 0, 100.00%, 19, 0, 5, 293.42
1713084133, 77, 49, 62, 3, 0, 100.00%, 19, 0, 5, 286.70
1713084138, 78, 15, 62, 3, 0, 100.00%, 19, 0, 5, 294.43
1713084143, 78, 25, 62, 3, 0, 100.00%, 19, 0, 5, 301.28
1713084148, 78, 30, 62, 3, 0, 100.00%, 19, 0, 5, 280.55
1713084153, 78, 43, 62, 3, 0, 100.00%, 19, 0, 5, 261.78
1713084158, 78, 49, 62, 3, 0, 100.00%, 19, 0, 5, 426.68
1713084184, 79, 6, 62, 3, 0, 100.00%, 19, 0, 5, 388.10
1713084189, 79, 20, 62, 3, 0, 100.00%, 19, 0, 5, 317.07
1713084194, 79, 30, 62, 3, 0, 100.00%, 19, 0, 5, 291.93
1713084199, 79, 49, 62, 3, 0, 100.00%, 19, 0, 5, 313.97
1713084204, 80, 16, 62, 3, 0, 100.00%, 19, 0, 5, 284.82
1713084210, 80, 28, 62, 3, 0, 100.00%, 19, 0, 5, 303.44
1713084215, 80, 42, 62, 3, 0, 100.00%, 19, 0, 5, 271.78
1713084220, 80, 58, 62, 3, 0, 100.00%, 19, 0, 5, 286.25
1713084225, 81, 16, 62, 3, 0, 100.00%, 19, 0, 5, 278.85
1713084230, 81, 29, 62, 3, 0, 100.00%, 19, 0, 5, 290.88
1713084235, 81, 55, 62, 3, 0, 100.00%, 19, 0, 5, 318.66
1713084240, 81, 60, 62, 3, 0, 100.00%, 19, 0, 5, 274.27
1713084245, 82, 10, 62, 3, 0, 100.00%, 19, 0, 5, 298.36
1713084250, 82, 20, 62, 3, 0, 100.00%, 19, 0, 5, 282.54
1713084255, 82, 30, 62, 3, 0, 100.00%, 19, 0, 5, 278.67
1713084260, 82, 60, 62, 3, 0, 100.00%, 19, 0, 5, 319.64
1713084265, 83, 9, 62, 3, 0, 100.00%, 19, 0, 5, 309.55
1713084271, 83, 20, 62, 3, 0, 100.00%, 19, 0, 5, 302.63
1713084276, 83, 37, 62, 3, 0, 100.00%, 19, 0, 5, 283.10
1713084281, 83, 42, 62, 3, 0, 100.00%, 19, 0, 5, 322.04
1713084286, 84, 13, 62, 3, 0, 100.00%, 19, 0, 5, 299.27
1713084291, 84, 24, 62, 3, 0, 100.00%, 19, 0, 5, 305.40
1713084296, 84, 37, 62, 3, 0, 100.00%, 19, 0, 5, 305.44
1713084301, 85, 13, 62, 3, 0, 100.00%, 19, 0, 5, 321.14
1713084306, 85, 19, 62, 3, 0, 100.00%, 19, 0, 5, 311.11
1713084311, 85, 30, 62, 3, 0, 100.00%, 19, 0, 5, 271.22
1713084316, 85, 55, 62, 3, 0, 100.00%, 19, 0, 5, 279.49
1713084321, 86, 16, 62, 3, 0, 100.00%, 19, 0, 5, 293.30
1713084326, 86, 25, 62, 3, 0, 100.00%, 19, 0, 5, 296.81
1713084331, 86, 38, 62, 3, 0, 100.00%, 19, 0, 5, 289.87
1713084337, 87, 2, 62, 3, 0, 100.00%, 19, 0, 5, 274.58
1713084342, 87, 18, 62, 3, 0, 100.00%, 19, 0, 5, 273.60
1713084347, 87, 30, 62, 3, 0, 100.00%, 19, 0, 5, 320.22
1713084352, 87, 55, 62, 3, 0, 100.00%, 19, 0, 5, 321.91
1713084357, 88, 6, 62, 3, 0, 100.00%, 19, 0, 5, 283.02
1713084362, 88, 20, 62, 3, 0, 100.00%, 19, 0, 5, 277.69
1713084367, 88, 35, 62, 3, 0, 100.00%, 19, 0, 5, 293.48
1713084372, 88, 43, 62, 3, 0, 100.00%, 19, 0, 5, 284.93
1713084377, 89, 16, 62, 3, 0, 100.00%, 19, 0, 5, 288.20
1713084382, 89, 28, 62, 3, 0, 100.00%, 19, 0, 5, 303.03
1713084387, 89, 43, 62, 3, 0, 100.00%, 19, 0, 5, 277.41
1713084392, 89, 55, 62, 3, 0, 100.00%, 19, 0, 5, 292.34
1713084398, 90, 15, 62, 3, 0, 100.00%, 19, 0, 5, 306.66
1713084403, 90, 28, 62, 3, 0, 100.00%, 19, 0, 5, 327.42
1713084408, 90, 43, 62, 3, 0, 100.00%, 19, 0, 5, 306.48
1713084413, 91, 15, 62, 3, 0, 100.00%, 19, 0, 5, 302.42
1713084418, 91, 25, 62, 3, 0, 100.00%, 19, 0, 5, 295.54
1713084423, 91, 43, 62, 3, 0, 100.00%, 19, 0, 5, 282.66
1713084428, 91, 59, 62, 3, 0, 100.00%, 19, 0, 5, 350.28
1713084433, 92, 18, 62, 3, 0, 100.00%, 19, 0, 5, 278.54
1713084438, 92, 29, 62, 3, 0, 100.00%, 19, 0, 5, 280.12
1713084443, 92, 45, 62, 3, 0, 100.00%, 19, 0, 5, 290.48
1713084449, 93, 16, 62, 3, 0, 100.00%, 19, 0, 5, 321.58
1713084454, 93, 25, 62, 3, 0, 100.00%, 19, 0, 5, 273.07
1713084459, 93, 28, 62, 3, 0, 100.00%, 19, 0, 5, 360.02
1713084490, 93, 29, 62, 3, 0, 100.00%, 19, 0, 5, 322.21
1713084495, 93, 40, 62, 3, 0, 100.00%, 19, 0, 5, 284.50
1713084500, 94, 6, 62, 3, 0, 100.00%, 19, 0, 5, 323.62
1713084505, 94, 20, 62, 3, 0, 100.00%, 19, 0, 5, 290.94
1713084510, 94, 30, 62, 3, 0, 100.00%, 19, 0, 5, 266.05
1713084515, 95, 5, 62, 3, 0, 100.00%, 19, 0, 5, 300.81
1713084520, 95, 18, 62, 3, 0, 100.00%, 19, 0, 5, 305.51
1713084525, 95, 28, 62, 3, 0, 100.00%, 19, 0, 5, 315.66
1713084530, 95, 38, 62, 3, 0, 100.00%, 19, 0, 5, 298.78
1713084535, 96, 13, 62, 3, 0, 100.00%, 19, 0, 5, 294.36
1713084540, 96, 21, 62, 3, 0, 100.00%, 19, 0, 5, 289.45
1713084545, 96, 30, 62, 3, 0, 100.00%, 19, 0, 5, 288.10
1713084550, 96, 44, 62, 3, 0, 100.00%, 19, 0, 5, 267.88
1713084556, 97, 13, 62, 3, 0, 100.00%, 19, 0, 5, 292.45
1713084561, 97, 23, 62, 3, 0, 100.00%, 19, 0, 5, 282.27
1713084566, 97, 37, 62, 3, 0, 100.00%, 19, 0, 5, 277.06
1713084571, 98, 13, 62, 3, 0, 100.00%, 19, 0, 5, 297.46
1713084576, 98, 21, 62, 3, 0, 100.00%, 19, 0, 5, 284.56
1713084581, 98, 29, 62, 3, 0, 100.00%, 19, 0, 5, 292.61
1713084586, 98, 43, 62, 3, 0, 100.00%, 19, 0, 5, 281.97
1713084591, 99, 13, 62, 3, 0, 100.00%, 19, 0, 5, 270.26
1713084596, 99, 19, 62, 3, 0, 100.00%, 19, 0, 5, 293.23
1713084601, 99, 29, 62, 3, 0, 100.00%, 19, 0, 5, 286.32
1713084607, 99, 55, 62, 3, 0, 100.00%, 19, 0, 5, 312.98
1713084612, 99, 60, 62, 3, 0, 100.00%, 19, 0, 5, 282.85
1713084627, 100, 12, 62, 3, 0, 100.00%, 19, 0, 5, 297.79
1713084632, 100, 18, 62, 3, 0, 100.00%, 19, 0, 5, 269.72
1713084637, 100, 30, 62, 3, 0, 100.00%, 19, 0, 5, 286.05
1713084642, 100, 43, 62, 3, 0, 100.00%, 19, 0, 5, 272.39
1713084647, 101, 16, 62, 3, 0, 100.00%, 19, 0, 5, 291.65
1713084653, 101, 29, 62, 3, 0, 100.00%, 19, 0, 5, 299.84
1713084658, 101, 37, 62, 3, 0, 100.00%, 19, 0, 5, 333.49
1713084698, 101, 43, 62, 3, 0, 100.00%, 19, 0, 5, 338.50
1713084704, 102, 13, 62, 3, 0, 100.00%, 19, 0, 5, 303.00
1713084709, 102, 23, 62, 3, 0, 100.00%, 19, 0, 5, 296.19
1713084714, 102, 37, 62, 3, 0, 100.00%, 19, 0, 5, 287.98
1713084719, 102, 55, 62, 3, 0, 100.00%, 19, 0, 5, 293.27
1713084724, 103, 15, 62, 3, 0, 100.00%, 19, 0, 5, 304.12
1713084729, 103, 28, 62, 3, 0, 100.00%, 19, 0, 5, 314.63
1713084734, 103, 43, 62, 3, 0, 100.00%, 19, 0, 5, 276.55
1713084739, 104, 15, 62, 3, 0, 100.00%, 19, 0, 5, 314.38
1713084744, 104, 28, 62, 3, 0, 100.00%, 19, 0, 5, 328.77
1713084749, 104, 37, 62, 3, 0, 100.00%, 19, 0, 5, 287.00
1713084754, 104, 53, 62, 3, 0, 100.00%, 19, 0, 5, 314.44
1713084759, 105, 15, 62, 3, 0, 100.00%, 19, 0, 5, 295.51
1713084764, 105, 28, 62, 3, 0, 100.00%, 19, 0, 5, 309.62
1713084770, 105, 43, 62, 3, 0, 100.00%, 19, 0, 5, 296.69
1713084775, 106, 6, 62, 3, 0, 100.00%, 19, 0, 5, 295.62
1713084780, 106, 20, 62, 3, 0, 100.00%, 19, 0, 5, 301.38
1713084785, 106, 28, 62, 3, 0, 100.00%, 19, 0, 5, 294.40
1713084790, 106, 30, 62, 3, 0, 100.00%, 19, 0, 5, 302.62
1713084830, 106, 43, 62, 3, 0, 100.00%, 19, 0, 5, 309.96
1713084835, 107, 6, 62, 3, 0, 100.00%, 19, 0, 5, 296.20
1713084841, 107, 23, 62, 3, 0, 100.00%, 19, 0, 5, 296.59
1713084846, 107, 37, 62, 3, 0, 100.00%, 19, 0, 5, 285.51
1713084851, 108, 6, 62, 3, 0, 100.00%, 19, 0, 5, 286.06
1713084856, 108, 20, 62, 3, 0, 100.00%, 19, 0, 5, 294.27
1713084861, 108, 37, 62, 3, 0, 100.00%, 19, 0, 5, 291.54
1713084866, 108, 59, 62, 3, 0, 100.00%, 19, 0, 5, 301.06
1713084871, 109, 6, 62, 3, 0, 100.00%, 19, 0, 5, 276.81
1713084876, 109, 16, 62, 3, 0, 100.00%, 19, 0, 5, 275.94
1713084881, 109, 28, 62, 3, 0, 100.00%, 19, 0, 5, 312.31
1713084886, 109, 43, 62, 3, 0, 100.00%, 19, 0, 5, 300.92
1713084891, 109, 46, 62, 3, 0, 100.00%, 19, 0, 5, 284.03
1713084896, 110, 13, 62, 3, 0, 100.00%, 19, 0, 5, 323.62
1713084901, 110, 25, 62, 3, 0, 100.00%, 19, 0, 5, 321.77
1713084906, 110, 37, 62, 3, 0, 100.00%, 19, 0, 5, 290.82
1713084911, 110, 57, 62, 3, 0, 100.00%, 19, 0, 5, 296.60
1713084917, 111, 18, 62, 3, 0, 100.00%, 19, 0, 5, 298.96
1713084922, 111, 23, 62, 3, 0, 100.00%, 19, 0, 5, 344.06
1713084957, 111, 30, 62, 3, 0, 100.00%, 19, 0, 5, 344.47
1713084962, 111, 55, 62, 3, 0, 100.00%, 19, 0, 5, 324.61
1713084968, 112, 20, 62, 3, 0, 100.00%, 19, 0, 5, 287.87
1713084973, 112, 29, 62, 3, 0, 100.00%, 19, 0, 5, 277.61
1713084978, 112, 43, 62, 3, 0, 100.00%, 19, 0, 5, 275.56
1713084983, 113, 0, 62, 3, 0, 100.00%, 19, 0, 5, 273.86
1713084988, 113, 17, 62, 3, 0, 100.00%, 19, 0, 5, 273.41
1713084993, 113, 29, 62, 3, 0, 100.00%, 19, 0, 5, 281.86
1713084998, 113, 43, 62, 3, 0, 100.00%, 19, 0, 5, 269.98
1713085003, 113, 60, 62, 3, 0, 100.00%, 19, 0, 5, 271.90
1713085008, 114, 18, 62, 3, 0, 100.00%, 19, 0, 5, 288.59
1713085013, 114, 30, 62, 3, 0, 100.00%, 19, 0, 5, 280.78
1713085018, 114, 39, 62, 3, 0, 100.00%, 19, 0, 5, 325.22
1713085024, 115, 4, 62, 3, 0, 100.00%, 19, 0, 5, 270.45
1713085029, 115, 16, 62, 3, 0, 100.00%, 19, 0, 5, 281.22
1713085034, 115, 27, 62, 3, 0, 100.00%, 19, 0, 5, 282.25
1713085039, 115, 37, 62, 3, 0, 100.00%, 19, 0, 5, 262.44
1713085044, 115, 59, 62, 3, 0, 100.00%, 19, 0, 5, 279.29
1713085049, 116, 16, 62, 3, 0, 100.00%, 19, 0, 5, 304.77
1713085090, 116, 20, 62, 3, 0, 100.00%, 19, 0, 5, 307.16
1713085095, 116, 37, 62, 3, 0, 100.00%, 19, 0, 5, 300.77
1713085100, 117, 6, 62, 3, 0, 100.00%, 19, 0, 5, 324.51
1713085105, 117, 20, 62, 3, 0, 100.00%, 19, 0, 5, 296.85
1713085110, 117, 29, 62, 3, 0, 100.00%, 19, 0, 5, 284.82
1713085115, 117, 43, 62, 3, 0, 100.00%, 19, 0, 5, 276.15
1713085120, 117, 55, 62, 3, 0, 100.00%, 19, 0, 5, 324.74
1713085166, 118, 15, 62, 3, 0, 100.00%, 19, 0, 5, 306.94
1713085171, 118, 25, 62, 3, 0, 100.00%, 19, 0, 5, 297.53
1713085176, 118, 38, 62, 3, 0, 100.00%, 19, 0, 5, 291.88
1713085181, 119, 4, 62, 3, 0, 100.00%, 19, 0, 5, 279.10
1713085186, 119, 18, 62, 3, 0, 100.00%, 19, 0, 5, 286.59
1713085191, 119, 30, 62, 3, 0, 100.00%, 19, 0, 5, 309.78
1713085196, 119, 43, 62, 3, 0, 100.00%, 19, 0, 5, 288.48
1713085202, 120, 15, 62, 3, 0, 100.00%, 19, 0, 5, 303.80
1713085207, 120, 25, 62, 3, 0, 100.00%, 19, 0, 5, 293.80
1713085212, 120, 38, 62, 3, 0, 100.00%, 19, 0, 5, 259.27
1713085217, 121, 9, 62, 3, 0, 100.00%, 19, 0, 5, 295.67
1713085222, 121, 16, 62, 3, 0, 100.00%, 19, 0, 5, 287.45
1713085227, 121, 29, 62, 3, 0, 100.00%, 19, 0, 5, 320.97
1713085232, 121, 43, 62, 3, 0, 100.00%, 19, 0, 5, 288.11
1713085237, 122, 13, 62, 3, 0, 100.00%, 19, 0, 5, 289.85
1713085242, 122, 23, 62, 3, 0, 100.00%, 19, 0, 5, 285.00
1713085247, 122, 37, 62, 3, 0, 100.00%, 19, 0, 5, 278.25
1713085252, 122, 55, 62, 3, 0, 100.00%, 19, 0, 5, 301.55
1713085257, 123, 18, 62, 3, 0, 100.00%, 19, 0, 5, 292.54
1713085262, 123, 28, 62, 3, 0, 100.00%, 19, 0, 5, 290.38
1713085267, 123, 49, 62, 3, 0, 100.00%, 19, 0, 5, 298.54
1713085272, 124, 16, 62, 3, 0, 100.00%, 19, 0, 5, 281.63
1713085278, 124, 25, 62, 3, 0, 100.00%, 19, 0, 5, 299.66
1713085313, 124, 29, 62, 3, 0, 100.00%, 19, 0, 5, 367.73
1713085318, 124, 44, 62, 3, 0, 100.00%, 19, 0, 5, 286.15
1713085323, 125, 15, 62, 3, 0, 100.00%, 19, 0, 5, 284.99
1713085328, 125, 25, 62, 3, 0, 100.00%, 19, 0, 5, 307.96
1713085334, 125, 38, 62, 3, 0, 100.00%, 19, 0, 5, 287.54
1713085339, 126, 2, 62, 3, 0, 100.00%, 19, 0, 5, 278.14
1713085344, 126, 16, 62, 3, 0, 100.00%, 19, 0, 5, 277.44
1713085349, 126, 28, 62, 3, 0, 100.00%, 19, 0, 5, 311.07
1713085354, 126, 43, 62, 3, 0, 100.00%, 19, 0, 5, 287.38
1713085359, 127, 10, 62, 3, 0, 100.00%, 19, 0, 5, 270.86
1713085364, 127, 20, 62, 3, 0, 100.00%, 19, 0, 5, 316.06
1713085369, 127, 30, 62, 3, 0, 100.00%, 19, 0, 5, 269.18
1713085374, 127, 43, 62, 3, 0, 100.00%, 19, 0, 5, 271.19
1713085379, 128, 15, 62, 3, 0, 100.00%, 19, 0, 5, 290.59
1713085384, 128, 25, 62, 3, 0, 100.00%, 19, 0, 5, 308.95
1713085390, 128, 37, 62, 3, 0, 100.00%, 19, 0, 5, 281.73
1713085395, 129, 13, 62, 3, 0, 100.00%, 19, 0, 5, 314.65
1713085400, 129, 18, 62, 3, 0, 100.00%, 19, 0, 5, 308.08
1713085445, 129, 25, 62, 3, 0, 100.00%, 19, 0, 5, 314.85
1713085450, 129, 37, 62, 3, 0, 100.00%, 19, 0, 5, 265.21
1713085455, 129, 55, 62, 3, 0, 100.00%, 19, 0, 5, 277.45
1713085460, 130, 20, 62, 3, 0, 100.00%, 19, 0, 5, 288.94
1713085465, 130, 36, 62, 3, 0, 100.00%, 19, 0, 5, 308.17
1713085470, 130, 55, 62, 3, 0, 100.00%, 19, 0, 5, 322.24
1713085476, 131, 18, 62, 3, 0, 100.00%, 19, 0, 5, 300.47
1713085481, 131, 29, 62, 3, 0, 100.00%, 19, 0, 5, 293.30
1713085486, 131, 43, 62, 3, 0, 100.00%, 19, 0, 5, 299.41
1713085491, 132, 14, 62, 3, 0, 100.00%, 19, 0, 5, 294.12
1713085496, 132, 23, 62, 3, 0, 100.00%, 19, 0, 5, 292.17
1713085501, 132, 34, 62, 3, 0, 100.00%, 19, 0, 5, 261.10
1713085506, 132, 42, 62, 3, 0, 100.00%, 19, 0, 5, 288.94
1713085511, 133, 7, 62, 3, 0, 100.00%, 19, 0, 5, 316.92
1713085516, 133, 20, 62, 3, 0, 100.00%, 19, 0, 5, 320.03
1713085521, 133, 30, 62, 3, 0, 100.00%, 19, 0, 5, 268.43
1713085527, 134, 1, 62, 3, 0, 100.00%, 19, 0, 5, 305.78
1713085532, 134, 13, 62, 3, 0, 100.00%, 19, 0, 5, 309.14
1713085537, 134, 20, 62, 3, 0, 100.00%, 19, 0, 5, 280.60
1713085542, 134, 30, 62, 3, 0, 100.00%, 19, 0, 5, 271.60
1713085547, 134, 55, 62, 3, 0, 100.00%, 19, 0, 5, 301.24
1713085552, 135, 16, 62, 3, 0, 100.00%, 19, 0, 5, 286.70
1713085557, 135, 28, 62, 3, 0, 100.00%, 19, 0, 5, 312.74
1713085562, 135, 38, 62, 3, 0, 100.00%, 19, 0, 5, 289.41
1713085567, 135, 55, 62, 3, 0, 100.00%, 19, 0, 5, 330.84
1713085572, 136, 16, 62, 3, 0, 100.00%, 19, 0, 5, 297.39
1713085577, 136, 28, 62, 3, 0, 100.00%, 19, 0, 5, 315.97
1713085583, 136, 43, 62, 3, 0, 100.00%, 19, 0, 5, 305.24
1713085588, 137, 13, 62, 3, 0, 100.00%, 19, 0, 5, 288.32
1713085593, 137, 23, 62, 3, 0, 100.00%, 19, 0, 5, 294.47
1713085598, 137, 27, 62, 3, 0, 100.00%, 19, 0, 5, 293.99
1713085603, 137, 37, 62, 3, 0, 100.00%, 19, 0, 5, 269.56
1713085608, 138, 13, 62, 3, 0, 100.00%, 19, 0, 5, 303.88
1713085613, 138, 23, 62, 3, 0, 100.00%, 19, 0, 5, 283.26
1713085618, 138, 37, 62, 3, 0, 100.00%, 19, 0, 5, 289.13
1713085623, 138, 55, 62, 3, 0, 100.00%, 19, 0, 5, 281.97
1713085628, 139, 15, 62, 3, 0, 100.00%, 19, 0, 5, 296.86
1713085634, 139, 25, 62, 3, 0, 100.00%, 19, 0, 5, 316.24
1713085639, 139, 38, 62, 3, 0, 100.00%, 19, 0, 5, 273.71
1713085644, 140, 13, 62, 3, 0, 100.00%, 19, 0, 5, 292.94
1713085649, 140, 23, 62, 3, 0, 100.00%, 19, 0, 5, 290.97
1713085654, 140, 38, 62, 3, 0, 100.00%, 19, 0, 5, 287.67
1713085659, 140, 43, 62, 3, 0, 100.00%, 19, 0, 5, 328.42
1713085699, 140, 49, 62, 3, 0, 100.00%, 19, 0, 5, 355.52
1713085705, 141, 16, 62, 3, 0, 100.00%, 19, 0, 5, 298.11
1713085710, 141, 28, 62, 3, 0, 100.00%, 19, 0, 5, 307.91
1713085715, 141, 38, 62, 3, 0, 100.00%, 19, 0, 5, 288.61
1713085720, 142, 8, 62, 3, 0, 100.00%, 19, 0, 5, 273.44
1713085725, 142, 18, 62, 3, 0, 100.00%, 19, 0, 5, 279.08
1713085730, 142, 20, 62, 3, 0, 100.00%, 19, 0, 5, 361.71
1713085771, 142, 29, 62, 3, 0, 100.00%, 19, 0, 5, 305.90
1713085776, 142, 55, 62, 3, 0, 100.00%, 19, 0, 5, 330.68
1713085781, 143, 18, 62, 3, 0, 100.00%, 19, 0, 5, 301.74
1713085786, 143, 30, 62, 3, 0, 100.00%, 19, 0, 5, 294.54
1713085791, 143, 55, 62, 3, 0, 100.00%, 19, 0, 5, 320.83
1713085796, 144, 6, 62, 3, 0, 100.00%, 19, 0, 5, 298.45
1713085801, 144, 18, 62, 3, 0, 100.00%, 19, 0, 5, 296.08
1713085806, 144, 29, 62, 3, 0, 100.00%, 19, 0, 5, 281.33
1713085811, 144, 46, 62, 3, 0, 100.00%, 19, 0, 5, 267.85
1713085816, 145, 6, 62, 3, 0, 100.00%, 19, 0, 5, 263.03
1713085821, 145, 20, 62, 3, 0, 100.00%, 19, 0, 5, 288.15
1713085826, 145, 30, 62, 3, 0, 100.00%, 19, 0, 5, 268.51
1713085832, 145, 38, 62, 3, 0, 100.00%, 19, 0, 5, 295.95
1713085837, 146, 2, 62, 3, 0, 100.00%, 19, 0, 5, 317.73
1713085842, 146, 18, 62, 3, 0, 100.00%, 19, 0, 5, 292.57
1713085847, 146, 28, 62, 3, 0, 100.00%, 19, 0, 5, 294.82
1713085852, 146, 37, 62, 3, 0, 100.00%, 19, 0, 5, 268.81
1713085857, 147, 8, 62, 3, 0, 100.00%, 19, 0, 5, 287.45
1713085862, 147, 13, 62, 3, 0, 100.00%, 19, 0, 5, 357.80
1713085903, 147, 20, 63, 4, 0, 100.00%, 19, 0, 5, 301.49
1713085908, 147, 30, 63, 4, 0, 100.00%, 19, 0, 5, 281.28
1713085913, 147, 43, 63, 4, 0, 100.00%, 19, 0, 5, 290.65
1713085918, 148, 15, 63, 4, 0, 100.00%, 19, 0, 5, 297.76
1713085923, 148, 25, 63, 4, 0, 100.00%, 19, 0, 5, 318.77
1713085928, 148, 37, 63, 4, 0, 100.00%, 19, 0, 5, 286.55
1713085933, 148, 55, 63, 4, 0, 100.00%, 19, 0, 5, 322.58
1713085938, 148, 62, 63, 4, 0, 100.00%, 19, 0, 5, 459.00
1713085949, 149, 16, 63, 3, 0, 100.00%, 19, 0, 5, 351.18
1713085954, 149, 29, 63, 3, 0, 100.00%, 19, 0, 5, 309.04
1713085959, 149, 43, 63, 3, 0, 100.00%, 19, 0, 5, 262.51
1713085964, 150, 13, 63, 3, 0, 100.00%, 19, 0, 5, 277.72
1713085969, 150, 20, 63, 3, 0, 100.00%, 19, 0, 5, 292.68
1713085974, 150, 28, 63, 3, 0, 100.00%, 19, 0, 5, 325.28
1713085979, 150, 43, 63, 3, 0, 100.00%, 19, 0, 5, 286.55
1713085984, 150, 60, 63, 3, 0, 100.00%, 19, 0, 5, 272.82
1713085989, 151, 16, 63, 3, 0, 100.00%, 19, 0, 5, 272.33
1713085994, 151, 29, 63, 3, 0, 100.00%, 19, 0, 5, 284.79
1713086000, 151, 38, 63, 3, 0, 100.00%, 19, 0, 5, 272.21
1713086005, 152, 1, 63, 3, 0, 100.00%, 19, 0, 5, 294.74
1713086010, 152, 15, 63, 3, 0, 100.00%, 19, 0, 5, 307.46
1713086015, 152, 25, 63, 3, 0, 100.00%, 19, 0, 5, 312.28
1713086020, 152, 43, 63, 3, 0, 100.00%, 19, 0, 5, 301.61
1713086025, 153, 11, 63, 3, 0, 100.00%, 19, 0, 5, 293.38
1713086030, 153, 20, 63, 3, 0, 100.00%, 19, 0, 5, 282.02
1713086035, 153, 30, 63, 3, 0, 100.00%, 19, 0, 5, 288.79
1713086040, 153, 43, 63, 3, 0, 100.00%, 19, 0, 5, 304.44
1713086046, 154, 15, 63, 3, 0, 100.00%, 19, 0, 5, 302.12
1713086051, 154, 25, 63, 3, 0, 100.00%, 19, 0, 5, 317.91
1713086056, 154, 38, 63, 3, 0, 100.00%, 19, 0, 5, 304.02
1713086061, 155, 13, 63, 3, 0, 100.00%, 19, 0, 5, 301.86
1713086066, 155, 20, 63, 3, 0, 100.00%, 19, 0, 5, 284.99
1713086071, 155, 37, 63, 3, 0, 100.00%, 19, 0, 5, 301.24
1713086076, 155, 60, 63, 3, 0, 100.00%, 19, 0, 5, 318.58
1713086081, 156, 20, 63, 3, 0, 100.00%, 19, 0, 5, 303.15
1713086086, 156, 30, 63, 3, 0, 100.00%, 19, 0, 5, 300.47
1713086091, 156, 52, 63, 3, 0, 100.00%, 19, 0, 5, 327.52
1713086096, 157, 13, 63, 3, 0, 100.00%, 19, 0, 5, 294.33
1713086101, 157, 23, 63, 3, 0, 100.00%, 19, 0, 5, 310.62
1713086106, 157, 37, 63, 3, 0, 100.00%, 19, 0, 5, 287.05
1713086111, 158, 6, 63, 3, 0, 100.00%, 19, 0, 5, 277.72
1713086116, 158, 18, 63, 3, 0, 100.00%, 19, 0, 5, 300.48
1713086121, 158, 27, 63, 3, 0, 100.00%, 19, 0, 5, 312.82
1713086127, 158, 29, 63, 3, 0, 100.00%, 19, 0, 5, 301.77
1713086132, 158, 55, 63, 3, 0, 100.00%, 19, 0, 5, 305.08
1713086137, 159, 15, 63, 3, 0, 100.00%, 19, 0, 5, 278.35
1713086142, 159, 25, 63, 3, 0, 100.00%, 19, 0, 5, 290.25
1713086147, 159, 30, 63, 3, 0, 100.00%, 19, 0, 5, 273.77
1713086152, 159, 55, 63, 3, 0, 100.00%, 19, 0, 5, 301.05
1713086157, 160, 2, 63, 3, 0, 100.00%, 19, 0, 5, 268.86
1713086162, 160, 18, 63, 3, 0, 100.00%, 19, 0, 5, 292.13
1713086167, 160, 29, 63, 3, 0, 100.00%, 19, 0, 5, 290.33
1713086173, 160, 43, 63, 3, 0, 100.00%, 19, 0, 5, 280.88
1713086178, 161, 16, 63, 3, 0, 100.00%, 19, 0, 5, 288.04
1713086183, 161, 25, 63, 3, 0, 100.00%, 19, 0, 5, 312.65
1713086188, 161, 38, 63, 3, 0, 100.00%, 19, 0, 5, 304.65
1713086193, 161, 43, 63, 3, 0, 100.00%, 19, 0, 5, 267.37
1713086198, 162, 6, 63, 3, 0, 100.00%, 19, 0, 5, 326.05
1713086203, 162, 20, 63, 3, 0, 100.00%, 19, 0, 5, 296.92
1713086208, 162, 30, 63, 3, 0, 100.00%, 19, 0, 5, 287.15
1713086213, 162, 50, 63, 3, 0, 100.00%, 19, 0, 5, 329.60
1713086218, 163, 15, 63, 3, 0, 100.00%, 19, 0, 5, 323.72
1713086264, 163, 23, 63, 3, 0, 100.00%, 19, 0, 5, 313.60
1713086269, 163, 38, 63, 3, 0, 100.00%, 19, 0, 5, 312.38
1713086274, 163, 60, 63, 3, 0, 100.00%, 19, 0, 5, 308.88
1713086280, 164, 17, 63, 3, 0, 100.00%, 19, 0, 5, 274.46
1713086285, 164, 28, 63, 3, 0, 100.00%, 19, 0, 5, 332.75
1713086290, 164, 43, 63, 3, 0, 100.00%, 19, 0, 5, 267.08
1713086295, 165, 6, 63, 3, 0, 100.00%, 19, 0, 5, 288.68
1713086300, 165, 18, 63, 3, 0, 100.00%, 19, 0, 5, 287.50
1713086305, 165, 28, 63, 3, 0, 100.00%, 19, 0, 5, 283.81
1713086310, 165, 38, 63, 3, 0, 100.00%, 19, 0, 5, 290.21
1713086315, 166, 6, 63, 3, 0, 100.00%, 19, 0, 5, 296.41
1713086320, 166, 20, 63, 3, 0, 100.00%, 19, 0, 5, 286.21
1713086325, 166, 28, 63, 3, 0, 100.00%, 19, 0, 5, 337.41
1713086361, 166, 43, 64, 4, 0, 100.00%, 19, 0, 5, 301.08
1713086366, 167, 15, 64, 4, 0, 100.00%, 19, 0, 5, 306.53
1713086371, 167, 28, 64, 4, 0, 100.00%, 19, 0, 5, 328.47
1713086376, 167, 38, 64, 4, 0, 100.00%, 19, 0, 5, 283.29
1713086381, 168, 6, 64, 4, 0, 100.00%, 19, 0, 5, 274.31
1713086386, 168, 23, 64, 4, 0, 100.00%, 19, 0, 5, 299.84
1713086391, 168, 37, 64, 4, 0, 100.00%, 19, 0, 5, 286.86
1713086397, 168, 55, 64, 4, 0, 100.00%, 19, 0, 5, 298.86
1713086402, 169, 16, 64, 4, 0, 100.00%, 19, 0, 5, 295.67
1713086407, 169, 28, 64, 4, 0, 100.00%, 19, 0, 5, 321.46
1713086412, 169, 38, 64, 4, 0, 100.00%, 19, 0, 5, 312.81
1713086447, 169, 43, 64, 4, 0, 100.00%, 19, 0, 5, 381.32
1713086452, 169, 58, 64, 4, 0, 100.00%, 19, 0, 5, 303.91
1713086457, 170, 15, 64, 4, 0, 100.00%, 19, 0, 5, 293.55
1713086463, 170, 25, 64, 4, 0, 100.00%, 19, 0, 5, 305.56
1713086468, 170, 43, 64, 4, 0, 100.00%, 19, 0, 5, 293.54
1713086473, 171, 6, 64, 4, 0, 100.00%, 19, 0, 5, 278.28
1713086478, 171, 16, 64, 4, 0, 100.00%, 19, 0, 5, 279.28
1713086483, 171, 28, 64, 4, 0, 100.00%, 19, 0, 5, 293.55
1713086488, 171, 43, 64, 4, 0, 100.00%, 19, 0, 5, 296.56
1713086493, 172, 6, 64, 4, 0, 100.00%, 19, 0, 5, 332.47
1713086498, 172, 16, 64, 4, 0, 100.00%, 19, 0, 5, 284.07
1713086503, 172, 29, 64, 4, 0, 100.00%, 19, 0, 5, 297.63
1713086508, 172, 43, 64, 4, 0, 100.00%, 19, 0, 5, 298.14
1713086513, 173, 15, 64, 4, 0, 100.00%, 19, 0, 5, 298.53
1713086518, 173, 23, 64, 4, 0, 100.00%, 19, 0, 5, 298.04
1713086523, 173, 37, 64, 4, 0, 100.00%, 19, 0, 5, 273.71
1713086529, 174, 13, 64, 4, 0, 100.00%, 19, 0, 5, 299.17
1713086534, 174, 21, 64, 4, 0, 100.00%, 19, 0, 5, 303.25
1713086539, 174, 28, 64, 4, 0, 100.00%, 19, 0, 5, 302.20
1713086544, 174, 38, 64, 4, 0, 100.00%, 19, 0, 5, 288.76
1713086549, 174, 55, 64, 4, 0, 100.00%, 19, 0, 5, 276.12
1713086554, 175, 16, 64, 4, 0, 100.00%, 19, 0, 5, 272.00
1713086559, 175, 28, 64, 4, 0, 100.00%, 19, 0, 5, 275.84
1713086564, 175, 37, 64, 4, 0, 100.00%, 19, 0, 5, 274.80
1713086569, 175, 54, 64, 4, 0, 100.00%, 19, 0, 5, 291.32
1713086574, 176, 3, 64, 4, 0, 100.00%, 19, 0, 5, 286.46
1713086579, 176, 18, 64, 4, 0, 100.00%, 19, 0, 5, 286.55
1713086584, 176, 29, 64, 4, 0, 100.00%, 19, 0, 5, 303.36
1713086590, 176, 55, 64, 4, 0, 100.00%, 19, 0, 5, 311.33
1713086595, 177, 18, 64, 4, 0, 100.00%, 19, 0, 5, 290.92
1713086600, 177, 29, 64, 4, 0, 100.00%, 19, 0, 5, 328.95
1713086605, 177, 37, 64, 4, 0, 100.00%, 19, 0, 5, 273.94
1713086610, 177, 55, 64, 4, 0, 100.00%, 19, 0, 5, 294.17
1713086615, 178, 16, 64, 4, 0, 100.00%, 19, 0, 5, 274.85
1713086620, 178, 29, 64, 4, 0, 100.00%, 19, 0, 5, 305.65
1713086625, 178, 41, 64, 4, 0, 100.00%, 19, 0, 5, 275.86
1713086630, 179, 4, 64, 4, 0, 100.00%, 19, 0, 5, 286.31
1713086635, 179, 15, 64, 4, 0, 100.00%, 19, 0, 5, 295.80
1713086640, 179, 28, 64, 4, 0, 100.00%, 19, 0, 5, 325.25
1713086646, 179, 38, 64, 4, 0, 100.00%, 19, 0, 5, 287.72
1713086651, 180, 6, 64, 4, 0, 100.00%, 19, 0, 5, 290.44
1713086656, 180, 18, 64, 4, 0, 100.00%, 19, 0, 5, 286.71
1713086661, 180, 29, 64, 4, 0, 100.00%, 19, 0, 5, 252.61
1713086666, 180, 43, 64, 4, 0, 100.00%, 19, 0, 5, 268.17
1713086671, 181, 15, 64, 4, 0, 100.00%, 19, 0, 5, 316.98
1713086676, 181, 25, 64, 4, 0, 100.00%, 19, 0, 5, 297.77
1713086681, 181, 38, 64, 4, 0, 100.00%, 19, 0, 5, 271.55
1713086686, 181, 61, 64, 4, 0, 100.00%, 19, 0, 5, 294.57
1713086691, 182, 15, 64, 4, 0, 100.00%, 19, 0, 5, 283.48
1713086696, 182, 25, 64, 4, 0, 100.00%, 19, 0, 5, 306.38
1713086702, 182, 38, 64, 4, 0, 100.00%, 19, 0, 5, 296.35
1713086707, 183, 6, 64, 4, 0, 100.00%, 19, 0, 5, 290.62
1713086712, 183, 18, 64, 4, 0, 100.00%, 19, 0, 5, 271.89
1713086717, 183, 29, 64, 4, 0, 100.00%, 19, 0, 5, 284.92
1713086722, 183, 49, 64, 4, 0, 100.00%, 19, 0, 5, 288.06
1713086727, 184, 6, 64, 4, 0, 100.00%, 19, 0, 5, 296.95
1713086732, 184, 18, 64, 4, 0, 100.00%, 19, 0, 5, 291.72
1713086737, 184, 30, 64, 4, 0, 100.00%, 19, 0, 5, 296.34
1713086742, 184, 49, 64, 4, 0, 100.00%, 19, 0, 5, 293.71
1713086747, 185, 16, 64, 4, 0, 100.00%, 19, 0, 5, 297.66
1713086752, 185, 28, 64, 4, 0, 100.00%, 19, 0, 5, 307.11
1713086757, 185, 38, 64, 4, 0, 100.00%, 19, 0, 5, 325.00
1713086762, 186, 6, 64, 4, 0, 100.00%, 19, 0, 5, 283.52
1713086768, 186, 16, 64, 4, 0, 100.00%, 19, 0, 5, 278.90
1713086773, 186, 29, 64, 4, 0, 100.00%, 19, 0, 5, 278.67
1713086778, 186, 49, 64, 4, 0, 100.00%, 19, 0, 5, 298.88
1713086783, 187, 0, 64, 4, 0, 100.00%, 19, 0, 5, 275.53
1713086788, 187, 20, 64, 4, 0, 100.00%, 19, 0, 5, 276.26
1713086793, 187, 30, 64, 4, 0, 100.00%, 19, 0, 5, 292.70
1713086798, 187, 43, 64, 4, 0, 100.00%, 19, 0, 5, 293.32
1713086803, 188, 0, 64, 4, 0, 100.00%, 19, 0, 5, 335.45
1713086808, 188, 16, 64, 4, 0, 100.00%, 19, 0, 5, 275.32
1713086813, 188, 29, 64, 4, 0, 100.00%, 19, 0, 5, 288.54
1713086818, 188, 38, 64, 4, 0, 100.00%, 19, 0, 5, 294.58
1713086823, 189, 6, 64, 4, 0, 100.00%, 19, 0, 5, 275.33
1713086828, 189, 18, 64, 4, 0, 100.00%, 19, 0, 5, 274.21
1713086834, 189, 30, 64, 4, 0, 100.00%, 19, 0, 5, 264.62
1713086839, 189, 40, 64, 4, 0, 100.00%, 19, 0, 5, 274.26
1713086844, 190, 7, 64, 4, 0, 100.00%, 19, 0, 5, 320.48
1713086849, 190, 16, 64, 4, 0, 100.00%, 19, 0, 5, 296.58
1713086854, 190, 29, 64, 4, 0, 100.00%, 19, 0, 5, 295.09
1713086859, 190, 43, 64, 4, 0, 100.00%, 19, 0, 5, 284.41
1713086864, 191, 15, 64, 4, 0, 100.00%, 19, 0, 5, 324.84
1713086869, 191, 25, 64, 4, 0, 100.00%, 19, 0, 5, 309.80
1713086874, 191, 43, 64, 4, 0, 100.00%, 19, 0, 5, 298.61
1713086879, 191, 55, 64, 4, 0, 100.00%, 19, 0, 5, 294.28
1713086885, 192, 16, 64, 4, 0, 100.00%, 19, 0, 5, 289.64
1713086890, 192, 29, 64, 4, 0, 100.00%, 19, 0, 5, 305.58
1713086895, 192, 49, 64, 4, 0, 100.00%, 19, 0, 5, 241.96
1713086900, 193, 16, 64, 4, 0, 100.00%, 19, 0, 5, 265.90
1713086905, 193, 25, 64, 4, 0, 100.00%, 19, 0, 5, 285.22
1713086910, 193, 37, 64, 4, 0, 100.00%, 19, 0, 5, 276.57
1713086915, 193, 52, 64, 4, 0, 100.00%, 19, 0, 5, 319.02
1713086920, 194, 16, 64, 4, 0, 100.00%, 19, 0, 5, 280.62
1713086926, 194, 28, 64, 4, 0, 100.00%, 19, 0, 5, 300.42
1713086931, 194, 38, 64, 4, 0, 100.00%, 19, 0, 5, 294.91
1713086936, 194, 55, 64, 4, 0, 100.00%, 19, 0, 5, 282.39
1713086941, 195, 18, 64, 4, 0, 100.00%, 19, 0, 5, 282.78
1713086946, 195, 29, 64, 4, 0, 100.00%, 19, 0, 5, 278.68
1713086951, 195, 43, 64, 4, 0, 100.00%, 19, 0, 5, 287.81
1713086956, 196, 15, 64, 4, 0, 100.00%, 19, 0, 5, 291.55
1713086961, 196, 27, 64, 4, 0, 100.00%, 19, 0, 5, 294.52
1713086966, 196, 37, 64, 4, 0, 100.00%, 19, 0, 5, 287.36
1713086971, 196, 55, 64, 4, 0, 100.00%, 19, 0, 5, 303.21
1713086977, 197, 18, 64, 4, 0, 100.00%, 19, 0, 5, 308.64
1713086982, 197, 30, 64, 4, 0, 100.00%, 19, 0, 5, 296.41
1713086987, 197, 55, 64, 4, 0, 100.00%, 19, 0, 5, 286.06
1713086992, 198, 15, 64, 4, 0, 100.00%, 19, 0, 5, 284.39
1713086997, 198, 28, 64, 4, 0, 100.00%, 19, 0, 5, 302.06
1713087002, 198, 41, 64, 4, 0, 100.00%, 19, 0, 5, 294.92
1713087007, 198, 62, 64, 4, 0, 100.00%, 19, 0, 5, 328.73
1713087012, 199, 18, 64, 4, 0, 100.00%, 19, 0, 5, 297.69
1713087017, 199, 30, 64, 4, 0, 100.00%, 19, 0, 5, 276.31
1713087022, 199, 37, 64, 4, 0, 100.00%, 19, 0, 5, 330.74
1713087063, 199, 41, 64, 4, 0, 100.00%, 19, 0, 5, 322.81
1713087068, 200, 1, 64, 4, 0, 100.00%, 19, 0, 5, 285.55
1713087073, 200, 18, 64, 4, 0, 100.00%, 19, 0, 5, 282.67
1713087078, 200, 29, 64, 4, 0, 100.00%, 19, 0, 5, 280.34
1713087083, 200, 49, 64, 4, 0, 100.00%, 19, 0, 5, 311.65
1713087088, 201, 10, 64, 4, 0, 100.00%, 19, 0, 5, 307.03
1713087093, 201, 20, 64, 4, 0, 100.00%, 19, 0, 5, 288.03
1713087098, 201, 38, 64, 4, 0, 100.00%, 19, 0, 5, 305.94
1713087103, 202, 13, 64, 4, 0, 100.00%, 19, 0, 5, 330.88
1713087109, 202, 25, 64, 4, 0, 100.00%, 19, 0, 5, 314.81
1713087114, 202, 35, 64, 4, 0, 100.00%, 19, 0, 5, 273.28
1713087119, 202, 55, 64, 4, 0, 100.00%, 19, 0, 5, 289.72
1713087124, 203, 17, 64, 4, 0, 100.00%, 19, 0, 5, 292.90
1713087129, 203, 29, 64, 4, 0, 100.00%, 19, 0, 5, 290.79
1713087134, 203, 42, 64, 4, 0, 100.00%, 19, 0, 5, 295.46
1713087139, 204, 8, 64, 4, 0, 100.00%, 19, 0, 5, 307.99
1713087144, 204, 20, 64, 4, 0, 100.00%, 19, 0, 5, 296.54
1713087185, 204, 25, 64, 4, 0, 100.00%, 19, 0, 5, 333.69
1713087190, 204, 33, 64, 4, 0, 100.00%, 19, 0, 5, 287.76
1713087195, 204, 55, 64, 4, 0, 100.00%, 19, 0, 5, 323.94
1713087200, 205, 15, 64, 4, 0, 100.00%, 19, 0, 5, 284.25
1713087205, 205, 28, 64, 4, 0, 100.00%, 19, 0, 5, 299.42
1713087210, 205, 43, 64, 4, 0, 100.00%, 19, 0, 5, 297.60
1713087215, 206, 6, 64, 4, 0, 100.00%, 19, 0, 5, 356.63
1713087220, 206, 20, 64, 4, 0, 100.00%, 19, 0, 5, 307.56
1713087225, 206, 30, 64, 4, 0, 100.00%, 19, 0, 5, 276.41
1713087231, 206, 55, 64, 4, 0, 100.00%, 19, 0, 5, 332.76
1713087236, 207, 15, 64, 4, 0, 100.00%, 19, 0, 5, 303.06
1713087241, 207, 25, 64, 4, 0, 100.00%, 19, 0, 5, 307.51
1713087246, 207, 30, 64, 4, 0, 100.00%, 19, 0, 5, 317.04
1713087286, 207, 43, 64, 4, 0, 100.00%, 19, 0, 5, 325.91
1713087291, 208, 0, 64, 4, 0, 100.00%, 19, 0, 5, 311.60
1713087296, 208, 18, 64, 4, 0, 100.00%, 19, 0, 5, 286.09
1713087302, 208, 30, 64, 4, 0, 100.00%, 19, 0, 5, 280.41
1713087307, 208, 55, 64, 4, 0, 100.00%, 19, 0, 5, 319.19
1713087312, 209, 6, 64, 4, 0, 100.00%, 19, 0, 5, 314.28
1713087317, 209, 18, 64, 4, 0, 100.00%, 19, 0, 5, 293.02
1713087322, 209, 29, 64, 4, 0, 100.00%, 19, 0, 5, 273.87
1713087327, 209, 37, 64, 4, 0, 100.00%, 19, 0, 5, 274.71
1713087332, 210, 6, 64, 4, 0, 100.00%, 19, 0, 5, 314.94
1713087337, 210, 20, 64, 4, 0, 100.00%, 19, 0, 5, 294.37
1713087342, 210, 37, 64, 4, 0, 100.00%, 19, 0, 5, 287.63
1713087347, 210, 40, 64, 4, 0, 100.00%, 19, 0, 5, 275.16
1713087352, 211, 13, 64, 4, 0, 100.00%, 19, 0, 5, 314.89
1713087357, 211, 23, 64, 4, 0, 100.00%, 19, 0, 5, 309.72
1713087363, 211, 30, 64, 4, 0, 100.00%, 19, 0, 5, 297.23
1713087368, 211, 55, 64, 4, 0, 100.00%, 19, 0, 5, 307.12
1713087373, 212, 13, 64, 4, 0, 100.00%, 19, 0, 5, 356.29
1713087408, 212, 16, 64, 4, 0, 100.00%, 19, 0, 5, 339.45
1713087414, 212, 29, 64, 4, 0, 100.00%, 19, 0, 5, 322.42
1713087419, 212, 55, 64, 4, 0, 100.00%, 19, 0, 5, 313.50
1713087424, 213, 16, 64, 4, 0, 100.00%, 19, 0, 5, 296.62
1713087429, 213, 28, 64, 4, 0, 100.00%, 19, 0, 5, 299.52
1713087434, 213, 43, 64, 4, 0, 100.00%, 19, 0, 5, 264.99
1713087439, 214, 13, 64, 4, 0, 100.00%, 19, 0, 5, 314.00
1713087444, 214, 23, 64, 4, 0, 100.00%, 19, 0, 5, 310.89
1713087449, 214, 37, 64, 4, 0, 100.00%, 19, 0, 5, 291.68
1713087454, 215, 13, 64, 4, 0, 100.00%, 19, 0, 5, 324.52
1713087459, 215, 23, 64, 4, 0, 100.00%, 19, 0, 5, 318.55
1713087500, 215, 37, 64, 4, 0, 100.00%, 19, 0, 5, 301.73
1713087505, 216, 2, 64, 4, 0, 100.00%, 19, 0, 5, 319.96
1713087510, 216, 15, 64, 4, 0, 100.00%, 19, 0, 5, 286.74
1713087515, 216, 27, 64, 4, 0, 100.00%, 19, 0, 5, 288.66
1713087520, 216, 43, 64, 4, 0, 100.00%, 19, 0, 5, 329.73
1713087526, 217, 13, 64, 4, 0, 100.00%, 19, 0, 5, 314.75
1713087531, 217, 25, 64, 4, 0, 100.00%, 19, 0, 5, 339.78
1713087536, 217, 43, 64, 4, 0, 100.00%, 19, 0, 5, 313.07
1713087541, 218, 15, 64, 4, 0, 100.00%, 19, 0, 5, 300.36
1713087546, 218, 25, 64, 4, 0, 100.00%, 19, 0, 5, 319.72
1713087551, 218, 33, 64, 4, 0, 100.00%, 19, 0, 5, 299.39
1713087556, 218, 38, 64, 4, 0, 100.00%, 19, 0, 5, 320.54
1713087561, 219, 15, 64, 4, 0, 100.00%, 19, 0, 5, 307.10
1713087566, 219, 24, 64, 4, 0, 100.00%, 19, 0, 5, 305.02
1713087571, 219, 31, 64, 4, 0, 100.00%, 19, 0, 5, 299.39
1713087576, 219, 43, 64, 4, 0, 100.00%, 19, 0, 5, 297.60
1713087581, 220, 6, 64, 4, 0, 100.00%, 19, 0, 5, 322.21
1713087628, 220, 20, 64, 4, 0, 100.00%, 19, 0, 5, 293.63
1713087633, 220, 30, 64, 4, 0, 100.00%, 19, 0, 5, 285.73
1713087638, 220, 46, 64, 4, 0, 100.00%, 19, 0, 5, 279.53
1713087643, 221, 13, 64, 4, 0, 100.00%, 19, 0, 5, 288.73
1713087648, 221, 23, 64, 4, 0, 100.00%, 19, 0, 5, 283.21
1713087653, 221, 37, 64, 4, 0, 100.00%, 19, 0, 5, 269.23
1713087658, 221, 43, 64, 4, 0, 100.00%, 19, 0, 5, 350.04
1713087704, 221, 49, 64, 4, 0, 100.00%, 19, 0, 5, 335.71
1713087709, 222, 17, 64, 4, 0, 100.00%, 19, 0, 5, 306.21
1713087714, 222, 28, 64, 4, 0, 100.00%, 19, 0, 5, 296.86
1713087719, 222, 38, 64, 4, 0, 100.00%, 19, 0, 5, 290.48
1713087724, 222, 58, 64, 4, 0, 100.00%, 19, 0, 5, 276.47
1713087729, 223, 16, 64, 4, 0, 100.00%, 19, 0, 5, 316.85
1713087770, 223, 19, 64, 4, 0, 100.00%, 19, 0, 5, 311.30
1713087775, 223, 28, 64, 4, 0, 100.00%, 19, 0, 5, 303.14
1713087780, 223, 43, 64, 4, 0, 100.00%, 19, 0, 5, 282.74
1713087785, 224, 16, 64, 4, 0, 100.00%, 19, 0, 5, 282.95
1713087790, 224, 28, 64, 4, 0, 100.00%, 19, 0, 5, 308.76
1713087796, 224, 43, 64, 4, 0, 100.00%, 19, 0, 5, 290.04
1713087801, 225, 2, 64, 4, 0, 100.00%, 19, 0, 5, 304.43
1713087806, 225, 18, 64, 4, 0, 100.00%, 19, 0, 5, 287.15
1713087811, 225, 29, 64, 4, 0, 100.00%, 19, 0, 5, 290.47
1713087816, 225, 49, 64, 4, 0, 100.00%, 19, 0, 5, 307.22
1713087821, 226, 16, 64, 4, 0, 100.00%, 19, 0, 5, 292.27
1713087826, 226, 26, 64, 4, 0, 100.00%, 19, 0, 5, 289.32
1713087831, 226, 38, 64, 4, 0, 100.00%, 19, 0, 5, 284.08
1713087836, 227, 6, 64, 4, 0, 100.00%, 19, 0, 5, 308.43
1713087842, 227, 20, 64, 4, 0, 100.00%, 19, 0, 5, 299.39
1713087847, 227, 30, 64, 4, 0, 100.00%, 19, 0, 5, 290.11
1713087852, 227, 43, 64, 4, 0, 100.00%, 19, 0, 5, 286.84
1713087857, 228, 13, 64, 4, 0, 100.00%, 19, 0, 5, 279.44
1713087862, 228, 23, 64, 4, 0, 100.00%, 19, 0, 5, 295.61
1713087867, 228, 38, 64, 4, 0, 100.00%, 19, 0, 5, 283.18
1713087872, 228, 55, 64, 4, 0, 100.00%, 19, 0, 5, 301.62
1713087877, 229, 16, 64, 4, 0, 100.00%, 19, 0, 5, 298.47
1713087882, 229, 25, 64, 4, 0, 100.00%, 19, 0, 5, 289.43
1713087887, 229, 43, 64, 4, 0, 100.00%, 19, 0, 5, 298.63
1713087893, 230, 13, 64, 4, 0, 100.00%, 19, 0, 5, 278.23
1713087898, 230, 25, 64, 4, 0, 100.00%, 19, 0, 5, 306.10
1713087903, 230, 38, 64, 4, 0, 100.00%, 19, 0, 5, 294.89
1713087908, 231, 6, 64, 4, 0, 100.00%, 19, 0, 5, 290.97
1713087913, 231, 9, 64, 4, 0, 100.00%, 19, 0, 5, 328.49
1713087918, 231, 16, 64, 4, 0, 100.00%, 19, 0, 5, 282.72
1713087923, 231, 28, 64, 4, 0, 100.00%, 19, 0, 5, 301.32
1713087928, 231, 41, 64, 4, 0, 100.00%, 19, 0, 5, 278.94
1713087933, 232, 6, 64, 4, 0, 100.00%, 19, 0, 5, 288.46
1713087938, 232, 20, 64, 4, 0, 100.00%, 19, 0, 5, 303.01
1713087943, 232, 36, 64, 4, 0, 100.00%, 19, 0, 5, 295.77
1713087948, 232, 46, 64, 4, 0, 100.00%, 19, 0, 5, 278.74
1713087953, 233, 6, 64, 4, 0, 100.00%, 19, 0, 5, 307.16
1713087959, 233, 18, 64, 4, 0, 100.00%, 19, 0, 5, 289.23
1713087964, 233, 30, 64, 4, 0, 100.00%, 19, 0, 5, 302.24
1713087969, 233, 43, 64, 4, 0, 100.00%, 19, 0, 5, 284.26
1713087974, 234, 13, 64, 4, 0, 100.00%, 19, 0, 5, 309.60
1713087979, 234, 19, 64, 4, 0, 100.00%, 19, 0, 5, 302.38
1713087984, 234, 25, 64, 4, 0, 100.00%, 19, 0, 5, 298.97
1713087989, 234, 41, 64, 4, 0, 100.00%, 19, 0, 5, 287.24
1713087994, 235, 6, 64, 4, 0, 100.00%, 19, 0, 5, 286.42
1713087999, 235, 20, 64, 4, 0, 100.00%, 19, 0, 5, 261.43
1713088004, 235, 37, 64, 4, 0, 100.00%, 19, 0, 5, 286.32
1713088010, 235, 55, 64, 4, 0, 100.00%, 19, 0, 5, 287.86
1713088015, 236, 16, 64, 4, 0, 100.00%, 19, 0, 5, 301.61
1713088020, 236, 29, 64, 4, 0, 100.00%, 19, 0, 5, 303.06
1713088025, 236, 43, 64, 4, 0, 100.00%, 19, 0, 5, 283.72
1713088030, 237, 7, 64, 4, 0, 100.00%, 19, 0, 5, 343.40
1713088035, 237, 23, 64, 4, 0, 100.00%, 19, 0, 5, 306.61
1713088040, 237, 29, 64, 4, 0, 100.00%, 19, 0, 5, 305.83
1713088081, 237, 43, 64, 4, 0, 100.00%, 19, 0, 5, 319.72
1713088086, 238, 6, 64, 4, 0, 100.00%, 19, 0, 5, 355.84
1713088091, 238, 18, 64, 4, 0, 100.00%, 19, 0, 5, 289.49
1713088096, 238, 28, 64, 4, 0, 100.00%, 19, 0, 5, 296.87
1713088101, 238, 38, 64, 4, 0, 100.00%, 19, 0, 5, 279.48
1713088106, 239, 2, 64, 4, 0, 100.00%, 19, 0, 5, 286.75
1713088111, 239, 13, 64, 4, 0, 100.00%, 19, 0, 5, 292.91
1713088116, 239, 25, 64, 4, 0, 100.00%, 19, 0, 5, 301.13
1713088121, 239, 37, 64, 4, 0, 100.00%, 19, 0, 5, 269.47
1713088126, 239, 62, 64, 4, 0, 100.00%, 19, 0, 5, 340.77
1713088131, 240, 18, 64, 4, 0, 100.00%, 19, 0, 5, 284.57
1713088137, 240, 29, 64, 4, 0, 100.00%, 19, 0, 5, 266.12
1713088142, 240, 39, 64, 4, 0, 100.00%, 19, 0, 5, 283.61
1713088147, 241, 2, 64, 4, 0, 100.00%, 19, 0, 5, 271.44
1713088152, 241, 20, 64, 4, 0, 100.00%, 19, 0, 5, 286.41
1713088157, 241, 37, 64, 4, 0, 100.00%, 19, 0, 5, 316.07
1713088162, 242, 6, 64, 4, 0, 100.00%, 19, 0, 5, 302.90
1713088167, 242, 16, 64, 4, 0, 100.00%, 19, 0, 5, 294.42
1713088172, 242, 28, 64, 4, 0, 100.00%, 19, 0, 5, 282.70
1713088177, 242, 43, 64, 4, 0, 100.00%, 19, 0, 5, 278.22
1713088182, 243, 13, 64, 4, 0, 100.00%, 19, 0, 5, 294.89
1713088187, 243, 23, 64, 4, 0, 100.00%, 19, 0, 5, 285.06
1713088192, 243, 32, 64, 4, 0, 100.00%, 19, 0, 5, 262.57
1713088197, 243, 49, 64, 4, 0, 100.00%, 19, 0, 5, 285.01
1713088228, 244, 13, 64, 4, 0, 100.00%, 19, 0, 5, 404.74
1713088233, 244, 23, 64, 4, 0, 100.00%, 19, 0, 5, 342.62
1713088238, 244, 37, 64, 4, 0, 100.00%, 19, 0, 5, 281.51
1713088244, 244, 55, 64, 4, 0, 100.00%, 19, 0, 5, 310.27
1713088249, 245, 15, 64, 4, 0, 100.00%, 19, 0, 5, 291.93
1713088254, 245, 22, 64, 4, 0, 100.00%, 19, 0, 5, 291.20
1713088259, 245, 30, 64, 4, 0, 100.00%, 19, 0, 5, 274.44
1713088264, 245, 55, 64, 4, 0, 100.00%, 19, 0, 5, 320.79
1713088269, 246, 16, 64, 4, 0, 100.00%, 19, 0, 5, 306.62
1713088274, 246, 29, 64, 4, 0, 100.00%, 19, 0, 5, 290.57
1713088279, 246, 43, 64, 4, 0, 100.00%, 19, 0, 5, 286.04
1713088284, 246, 59, 64, 4, 0, 100.00%, 19, 0, 5, 325.31
1713088289, 247, 5, 64, 4, 0, 100.00%, 19, 0, 5, 298.64
1713088294, 247, 16, 64, 4, 0, 100.00%, 19, 0, 5, 287.07
1713088299, 247, 28, 64, 4, 0, 100.00%, 19, 0, 5, 298.30
1713088304, 247, 38, 64, 4, 0, 100.00%, 19, 0, 5, 285.35
1713088309, 248, 3, 64, 4, 0, 100.00%, 19, 0, 5, 309.66
1713088314, 248, 16, 64, 4, 0, 100.00%, 19, 0, 5, 288.38
1713088320, 248, 29, 64, 4, 0, 100.00%, 19, 0, 5, 298.22
1713088325, 248, 38, 64, 4, 0, 100.00%, 19, 0, 5, 273.51
1713088330, 248, 55, 64, 4, 0, 100.00%, 19, 0, 5, 296.36
1713088335, 249, 18, 64, 4, 0, 100.00%, 19, 0, 5, 283.61
1713088340, 249, 29, 64, 4, 0, 100.00%, 19, 0, 5, 285.43
1713088345, 249, 49, 64, 4, 0, 100.00%, 19, 0, 5, 284.17
1713088350, 250, 5, 64, 4, 0, 100.00%, 19, 0, 5, 295.20
1713088355, 250, 13, 64, 4, 0, 100.00%, 19, 0, 5, 277.83
1713088360, 250, 23, 64, 4, 0, 100.00%, 19, 0, 5, 312.54
1713088365, 250, 38, 64, 4, 0, 100.00%, 19, 0, 5, 314.55
1713088371, 251, 6, 64, 4, 0, 100.00%, 19, 0, 5, 293.50
1713088376, 251, 18, 64, 4, 0, 100.00%, 19, 0, 5, 277.13
1713088381, 251, 29, 64, 4, 0, 100.00%, 19, 0, 5, 307.13
1713088386, 251, 43, 64, 4, 0, 100.00%, 19, 0, 5, 295.40
1713088391, 252, 13, 64, 4, 0, 100.00%, 19, 0, 5, 284.46
1713088396, 252, 23, 64, 4, 0, 100.00%, 19, 0, 5, 290.05
1713088401, 252, 34, 64, 4, 0, 100.00%, 19, 0, 5, 271.33
1713088406, 252, 49, 64, 4, 0, 100.00%, 19, 0, 5, 298.85
1713088411, 253, 13, 64, 4, 0, 100.00%, 19, 0, 5, 271.06
1713088416, 253, 15, 64, 4, 0, 100.00%, 19, 0, 5, 316.57
1713088457, 253, 16, 64, 4, 0, 100.00%, 19, 0, 5, 326.82
1713088462, 253, 25, 64, 4, 0, 100.00%, 19, 0, 5, 166.69
1713088467, 253, 38, 64, 4, 0, 100.00%, 19, 0, 5, 266.53
1713088472, 254, 2, 64, 4, 0, 100.00%, 19, 0, 5, 294.93
1713088477, 254, 18, 64, 4, 0, 100.00%, 19, 0, 5, 266.76
1713088482, 254, 29, 64, 4, 0, 100.00%, 19, 0, 5, 292.62
1713088487, 254, 43, 64, 4, 0, 100.00%, 19, 0, 5, 295.67
1713088492, 255, 6, 64, 4, 0, 100.00%, 19, 0, 5, 262.40
1713088498, 255, 20, 64, 4, 0, 100.00%, 19, 0, 5, 283.91
1713088503, 255, 37, 64, 4, 0, 100.00%, 19, 0, 5, 302.59
1713088508, 256, 6, 64, 4, 0, 100.00%, 19, 0, 5, 317.60
1713088513, 256, 18, 64, 4, 0, 100.00%, 19, 0, 5, 287.48
1713088518, 256, 25, 64, 4, 0, 100.00%, 19, 0, 5, 334.62
1713088548, 256, 25, 65, 5, 0, 100.00%, 19, 0, 5, 381.51
1713088554, 256, 29, 65, 5, 0, 100.00%, 19, 0, 5, 344.52
1713088559, 256, 43, 65, 5, 0, 100.00%, 19, 0, 5, 298.64
1713088564, 257, 6, 65, 5, 0, 100.00%, 19, 0, 5, 332.75
1713088569, 257, 20, 65, 5, 0, 100.00%, 19, 0, 5, 305.64
1713088574, 257, 30, 65, 5, 0, 100.00%, 19, 0, 5, 280.27
1713088579, 257, 45, 65, 5, 0, 100.00%, 19, 0, 5, 272.56
1713088584, 257, 61, 65, 5, 0, 100.00%, 19, 0, 5, 349.75
1713088589, 258, 18, 65, 5, 0, 100.00%, 19, 0, 5, 305.77
1713088594, 258, 30, 65, 5, 0, 100.00%, 19, 0, 5, 295.52
1713088599, 258, 49, 65, 5, 0, 100.00%, 19, 0, 5, 331.48
1713088604, 259, 16, 65, 5, 0, 100.00%, 19, 0, 5, 330.88
1713088609, 259, 28, 65, 5, 0, 100.00%, 19, 0, 5, 285.87
1713088614, 259, 43, 65, 5, 0, 100.00%, 19, 0, 5, 280.09
1713088620, 260, 13, 65, 5, 0, 100.00%, 19, 0, 5, 283.50
1713088625, 260, 20, 65, 5, 0, 100.00%, 19, 0, 5, 302.65
1713088630, 260, 30, 65, 5, 0, 100.00%, 19, 0, 5, 290.64
1713088635, 260, 49, 65, 5, 0, 100.00%, 19, 0, 5, 298.64
1713088640, 261, 13, 65, 5, 0, 100.00%, 19, 0, 5, 283.03
1713088645, 261, 20, 65, 5, 0, 100.00%, 19, 0, 5, 286.04
1713088650, 261, 29, 65, 5, 0, 100.00%, 19, 0, 5, 303.20
1713088655, 261, 46, 65, 5, 0, 100.00%, 19, 0, 5, 297.05
1713088660, 262, 15, 65, 5, 0, 100.00%, 19, 0, 5, 274.86
1713088665, 262, 25, 65, 5, 0, 100.00%, 19, 0, 5, 287.89
1713088670, 262, 38, 65, 5, 0, 100.00%, 19, 0, 5, 264.42
1713088675, 263, 1, 65, 5, 0, 100.00%, 19, 0, 5, 305.93
1713088681, 263, 16, 65, 5, 0, 100.00%, 19, 0, 5, 287.00
1713088686, 263, 25, 65, 5, 0, 100.00%, 19, 0, 5, 324.02
1713088691, 263, 43, 65, 5, 0, 100.00%, 19, 0, 5, 292.05
1713088696, 264, 10, 65, 5, 0, 100.00%, 19, 0, 5, 285.98
1713088701, 264, 20, 65, 5, 0, 100.00%, 19, 0, 5, 283.50
1713088706, 264, 37, 65, 5, 0, 100.00%, 19, 0, 5, 293.66
1713088711, 265, 6, 65, 5, 0, 100.00%, 19, 0, 5, 353.79
1713088716, 265, 18, 65, 5, 0, 100.00%, 19, 0, 5, 299.25
1713088721, 265, 29, 65, 5, 0, 100.00%, 19, 0, 5, 299.36
1713088726, 265, 46, 65, 5, 0, 100.00%, 19, 0, 5, 276.06
1713088731, 265, 60, 66, 6, 0, 100.00%, 19, 0, 6, 274.62
1713088736, 265, 65, 66, 6, 0, 100.00%, 19, 0, 6, 133.03
1713088787, 266, 13, 66, 5, 0, 100.00%, 19, 0, 6, 303.08
1713088792, 266, 25, 66, 5, 0, 100.00%, 19, 0, 6, 319.93
1713088797, 266, 43, 66, 5, 0, 100.00%, 19, 0, 6, 306.84
1713088803, 267, 6, 66, 5, 0, 100.00%, 19, 0, 6, 285.27
1713088808, 267, 15, 66, 5, 0, 100.00%, 19, 0, 6, 320.70
1713088848, 267, 19, 66, 5, 0, 100.00%, 19, 0, 6, 304.61
1713088853, 267, 29, 66, 5, 0, 100.00%, 19, 0, 6, 295.16
1713088858, 267, 49, 66, 5, 0, 100.00%, 19, 0, 6, 309.22
1713088863, 268, 16, 66, 5, 0, 100.00%, 19, 0, 6, 269.06
1713088869, 268, 29, 66, 5, 0, 100.00%, 19, 0, 6, 323.97
1713088874, 268, 49, 66, 5, 0, 100.00%, 19, 0, 6, 310.32
1713088879, 269, 6, 66, 5, 0, 100.00%, 19, 0, 6, 323.57
1713088884, 269, 21, 66, 5, 0, 100.00%, 19, 0, 6, 300.04
1713088889, 269, 30, 66, 5, 0, 100.00%, 19, 0, 6, 287.71
1713088894, 269, 59, 66, 5, 0, 100.00%, 19, 0, 6, 306.47
1713088899, 269, 65, 66, 5, 0, 100.00%, 19, 0, 6, 273.46
1713088904, 270, 16, 66, 5, 0, 100.00%, 19, 0, 6, 278.62
1713088909, 270, 19, 66, 5, 0, 100.00%, 19, 0, 6, 278.38
1713088914, 270, 30, 66, 5, 0, 100.00%, 19, 0, 6, 291.24
1713088919, 270, 55, 66, 5, 0, 100.00%, 19, 0, 6, 299.53
1713088924, 271, 18, 66, 5, 0, 100.00%, 19, 0, 6, 283.55
1713088929, 271, 29, 66, 5, 0, 100.00%, 19, 0, 6, 278.48
1713088935, 271, 38, 66, 5, 0, 100.00%, 19, 0, 6, 273.30
1713088940, 271, 55, 66, 5, 0, 100.00%, 19, 0, 6, 282.05
1713088945, 272, 18, 66, 5, 0, 100.00%, 19, 0, 6, 296.12
1713088950, 272, 29, 66, 5, 0, 100.00%, 19, 0, 6, 290.86
1713088955, 272, 49, 66, 5, 0, 100.00%, 19, 0, 6, 306.15
1713088960, 273, 13, 66, 5, 0, 100.00%, 19, 0, 6, 299.53
1713088965, 273, 23, 66, 5, 0, 100.00%, 19, 0, 6, 289.37
1713089006, 273, 29, 66, 5, 0, 100.00%, 19, 0, 6, 336.51
1713089011, 273, 49, 66, 5, 0, 100.00%, 19, 0, 6, 325.94
1713089016, 274, 16, 66, 5, 0, 100.00%, 19, 0, 6, 296.67
1713089021, 274, 29, 66, 5, 0, 100.00%, 19, 0, 6, 289.33
1713089026, 274, 49, 66, 5, 0, 100.00%, 19, 0, 6, 285.11
1713089031, 275, 15, 66, 5, 0, 100.00%, 19, 0, 6, 276.16
1713089036, 275, 25, 66, 5, 0, 100.00%, 19, 0, 6, 295.47
1713089041, 275, 38, 66, 5, 0, 100.00%, 19, 0, 6, 292.26
1713089046, 276, 6, 66, 5, 0, 100.00%, 19, 0, 6, 295.84
1713089051, 276, 18, 66, 5, 0, 100.00%, 19, 0, 6, 317.95
1713089056, 276, 27, 66, 5, 0, 100.00%, 19, 0, 6, 267.29
1713089062, 276, 37, 66, 5, 0, 100.00%, 19, 0, 6, 270.26
1713089067, 276, 55, 66, 5, 0, 100.00%, 19, 0, 6, 304.76
1713089072, 277, 18, 66, 5, 0, 100.00%, 19, 0, 6, 303.40
1713089077, 277, 30, 66, 5, 0, 100.00%, 19, 0, 6, 285.67
1713089082, 277, 55, 66, 5, 0, 100.00%, 19, 0, 6, 300.80
1713089087, 278, 16, 66, 5, 0, 100.00%, 19, 0, 6, 295.58
1713089092, 278, 29, 66, 5, 0, 100.00%, 19, 0, 6, 307.26
1713089097, 278, 43, 66, 5, 0, 100.00%, 19, 0, 6, 314.30
1713089102, 279, 8, 66, 5, 0, 100.00%, 19, 0, 6, 322.94
1713089107, 279, 18, 66, 5, 0, 100.00%, 19, 0, 6, 283.65
1713089113, 279, 26, 66, 5, 0, 100.00%, 19, 0, 6, 304.42
1713089118, 279, 35, 66, 5, 0, 100.00%, 19, 0, 6, 263.61
1713089123, 279, 49, 66, 5, 0, 100.00%, 19, 0, 6, 307.69
1713089128, 280, 6, 66, 5, 0, 100.00%, 19, 0, 6, 313.22
1713089133, 280, 18, 66, 5, 0, 100.00%, 19, 0, 6, 278.50
1713089138, 280, 30, 66, 5, 0, 100.00%, 19, 0, 6, 276.82
1713089143, 280, 55, 66, 5, 0, 100.00%, 19, 0, 6, 306.10
1713089148, 281, 0, 66, 5, 0, 100.00%, 19, 0, 6, 301.11
1713089153, 281, 15, 66, 5, 0, 100.00%, 19, 0, 6, 286.61
1713089158, 281, 24, 66, 5, 0, 100.00%, 19, 0, 6, 289.22
1713089164, 281, 38, 66, 5, 0, 100.00%, 19, 0, 6, 282.07
1713089169, 282, 13, 66, 5, 0, 100.00%, 19, 0, 6, 322.21
1713089174, 282, 25, 66, 5, 0, 100.00%, 19, 0, 6, 312.30
1713089179, 282, 35, 66, 5, 0, 100.00%, 19, 0, 6, 291.55
1713089184, 282, 55, 66, 5, 0, 100.00%, 19, 0, 6, 324.91
1713089189, 283, 14, 66, 5, 0, 100.00%, 19, 0, 6, 295.09
1713089194, 283, 20, 66, 5, 0, 100.00%, 19, 0, 6, 272.71
1713089199, 283, 29, 66, 5, 0, 100.00%, 19, 0, 6, 277.80
1713089204, 283, 38, 66, 5, 0, 100.00%, 19, 0, 6, 274.83
1713089209, 284, 6, 66, 5, 0, 100.00%, 19, 0, 6, 294.94
1713089214, 284, 18, 66, 5, 0, 100.00%, 19, 0, 6, 304.51
1713089219, 284, 30, 66, 5, 0, 100.00%, 19, 0, 6, 286.91
1713089224, 284, 45, 66, 5, 0, 100.00%, 19, 0, 6, 276.00
1713089230, 285, 13, 66, 5, 0, 100.00%, 19, 0, 6, 301.95
1713089235, 285, 23, 66, 5, 0, 100.00%, 19, 0, 6, 309.99
1713089240, 285, 38, 66, 5, 0, 100.00%, 19, 0, 6, 295.47
1713089245, 286, 6, 66, 5, 0, 100.00%, 19, 0, 6, 299.36
1713089250, 286, 20, 66, 5, 0, 100.00%, 19, 0, 6, 277.27
1713089255, 286, 30, 66, 5, 0, 100.00%, 19, 0, 6, 240.19
1713089260, 286, 37, 66, 5, 0, 100.00%, 19, 0, 6, 248.25
1713089265, 286, 55, 66, 5, 0, 100.00%, 19, 0, 6, 277.79
1713089270, 287, 8, 66, 5, 0, 100.00%, 19, 0, 6, 254.47
1713089276, 287, 18, 66, 5, 0, 100.00%, 19, 0, 6, 261.16
1713089281, 287, 28, 66, 5, 0, 100.00%, 19, 0, 6, 265.55
1713089286, 287, 43, 66, 5, 0, 100.00%, 19, 0, 6, 276.97
1713089291, 288, 16, 66, 5, 0, 100.00%, 19, 0, 6, 287.26
1713089296, 288, 28, 66, 5, 0, 100.00%, 19, 0, 6, 311.99
1713089301, 288, 43, 66, 5, 0, 100.00%, 19, 0, 6, 318.99
1713089347, 289, 13, 66, 5, 0, 100.00%, 19, 0, 6, 362.18
1713089352, 289, 23, 66, 5, 0, 100.00%, 19, 0, 6, 306.42
1713089357, 289, 37, 66, 5, 0, 100.00%, 19, 0, 6, 269.87
1713089362, 290, 6, 66, 5, 0, 100.00%, 19, 0, 6, 299.54
1713089367, 290, 15, 66, 5, 0, 100.00%, 19, 0, 6, 299.65
1713089372, 290, 25, 66, 5, 0, 100.00%, 19, 0, 6, 302.49
1713089377, 290, 38, 66, 5, 0, 100.00%, 19, 0, 6, 272.53
1713089382, 291, 13, 66, 5, 0, 100.00%, 19, 0, 6, 277.01
1713089387, 291, 23, 66, 5, 0, 100.00%, 19, 0, 6, 299.33
1713089392, 291, 38, 66, 5, 0, 100.00%, 19, 0, 6, 293.12
1713089398, 292, 6, 66, 5, 0, 100.00%, 19, 0, 6, 292.10
1713089403, 292, 18, 66, 5, 0, 100.00%, 19, 0, 6, 285.33
1713089408, 292, 29, 66, 5, 0, 100.00%, 19, 0, 6, 277.03
1713089413, 292, 43, 66, 5, 0, 100.00%, 19, 0, 6, 263.20
1713089418, 293, 6, 66, 5, 0, 100.00%, 19, 0, 6, 259.64
1713089423, 293, 16, 66, 5, 0, 100.00%, 19, 0, 6, 316.94
1713089459, 293, 16, 67, 6, 0, 100.00%, 19, 0, 6, 353.97
1713089464, 294, 6, 67, 5, 0, 100.00%, 19, 0, 6, 426.09
1713089469, 294, 20, 67, 5, 0, 100.00%, 19, 0, 6, 309.86
1713089475, 294, 30, 67, 5, 0, 100.00%, 19, 0, 6, 291.24
1713089480, 294, 55, 67, 5, 0, 100.00%, 19, 0, 6, 357.18
1713089485, 295, 15, 67, 5, 0, 100.00%, 19, 0, 6, 348.28
1713089490, 295, 25, 67, 5, 0, 100.00%, 19, 0, 6, 296.00
1713089495, 295, 38, 67, 5, 0, 100.00%, 19, 0, 6, 295.45
1713089500, 295, 65, 67, 5, 0, 100.00%, 19, 0, 6, 298.22
1713089505, 295, 66, 67, 5, 0, 100.00%, 19, 0, 6, 279.50
1713089510, 296, 18, 67, 5, 0, 100.00%, 19, 0, 6, 297.19
1713089515, 296, 30, 67, 5, 0, 100.00%, 19, 0, 6, 298.63
1713089520, 296, 44, 67, 5, 0, 100.00%, 19, 0, 6, 288.23
1713089526, 297, 13, 67, 5, 0, 100.00%, 19, 0, 6, 319.27
1713089531, 297, 23, 67, 5, 0, 100.00%, 19, 0, 6, 312.29
1713089536, 297, 31, 67, 5, 0, 100.00%, 19, 0, 6, 278.28
1713089541, 297, 55, 67, 5, 0, 100.00%, 19, 0, 6, 319.41
1713089546, 298, 15, 67, 5, 0, 100.00%, 19, 0, 6, 306.50
1713089551, 298, 25, 67, 5, 0, 100.00%, 19, 0, 6, 319.35
1713089556, 298, 38, 67, 5, 0, 100.00%, 19, 0, 6, 289.33
1713089561, 298, 66, 67, 5, 0, 100.00%, 19, 0, 6, 350.45
1713089566, 299, 16, 67, 5, 0, 100.00%, 19, 0, 6, 282.20
1713089571, 299, 18, 67, 5, 0, 100.00%, 19, 0, 6, 317.68
1713089612, 299, 29, 67, 5, 0, 100.00%, 19, 0, 6, 336.47
1713089617, 299, 55, 67, 5, 0, 100.00%, 19, 0, 6, 291.76
1713089622, 300, 13, 67, 5, 0, 100.00%, 19, 0, 6, 285.99
1713089627, 300, 23, 67, 5, 0, 100.00%, 19, 0, 6, 279.76
1713089632, 300, 37, 67, 5, 0, 100.00%, 19, 0, 6, 284.88
1713089637, 300, 52, 67, 5, 0, 100.00%, 19, 0, 6, 275.91
1713089642, 300, 66, 67, 5, 0, 100.00%, 19, 0, 6, 314.14
1713089647, 301, 16, 67, 5, 0, 100.00%, 19, 0, 6, 297.43
1713089652, 301, 29, 67, 5, 0, 100.00%, 19, 0, 6, 295.02
1713089658, 301, 43, 67, 5, 0, 100.00%, 19, 0, 6, 280.11
1713089663, 301, 66, 67, 5, 0, 100.00%, 19, 0, 6, 309.40
1713089668, 302, 18, 67, 5, 0, 100.00%, 19, 0, 6, 305.54
1713089673, 302, 23, 67, 5, 0, 100.00%, 19, 0, 6, 301.77
1713089678, 302, 37, 67, 5, 0, 100.00%, 19, 0, 6, 283.53
1713089683, 302, 66, 67, 5, 0, 100.00%, 19, 0, 6, 305.22
1713089688, 303, 18, 67, 5, 0, 100.00%, 19, 0, 6, 313.59
1713089693, 303, 29, 67, 5, 0, 100.00%, 19, 0, 6, 291.37
1713089698, 303, 43, 67, 5, 0, 100.00%, 19, 0, 6, 283.56
1713089703, 303, 66, 67, 5, 0, 100.00%, 19, 0, 6, 331.83
1713089708, 304, 15, 67, 5, 0, 100.00%, 19, 0, 6, 312.76
1713089713, 304, 28, 67, 5, 0, 100.00%, 19, 0, 6, 313.42
1713089718, 304, 43, 67, 5, 0, 100.00%, 19, 0, 6, 284.24
1713089724, 305, 13, 67, 5, 0, 100.00%, 19, 0, 6, 321.04
1713089729, 305, 20, 67, 5, 0, 100.00%, 19, 0, 6, 320.48
1713089769, 305, 29, 67, 5, 0, 100.00%, 19, 0, 6, 340.64
1713089774, 305, 54, 67, 5, 0, 100.00%, 19, 0, 6, 296.17
1713089779, 305, 65, 67, 5, 0, 100.00%, 19, 0, 6, 291.09
1713089785, 306, 15, 67, 5, 0, 100.00%, 19, 0, 6, 300.36
1713089790, 306, 25, 67, 5, 0, 100.00%, 19, 0, 6, 307.83
1713089795, 306, 37, 67, 5, 0, 100.00%, 19, 0, 6, 290.44
1713089800, 306, 54, 67, 5, 0, 100.00%, 19, 0, 6, 314.94
1713089805, 307, 13, 67, 5, 0, 100.00%, 19, 0, 6, 325.06
1713089810, 307, 23, 67, 5, 0, 100.00%, 19, 0, 6, 283.29
1713089815, 307, 37, 67, 5, 0, 100.00%, 19, 0, 6, 284.12
1713089820, 308, 6, 67, 5, 0, 100.00%, 19, 0, 6, 335.20
1713089825, 308, 20, 67, 5, 0, 100.00%, 19, 0, 6, 316.63
1713089830, 308, 30, 67, 5, 0, 100.00%, 19, 0, 6, 290.23
1713089835, 308, 66, 67, 5, 0, 100.00%, 19, 0, 6, 319.18
1713089840, 309, 18, 67, 5, 0, 100.00%, 19, 0, 6, 297.14
1713089845, 309, 30, 67, 5, 0, 100.00%, 19, 0, 6, 291.50
1713089850, 309, 55, 67, 5, 0, 100.00%, 19, 0, 6, 286.51
1713089896, 310, 6, 67, 5, 0, 100.00%, 19, 0, 6, 325.17
1713089901, 310, 19, 67, 5, 0, 100.00%, 19, 0, 6, 275.47
1713089906, 310, 30, 67, 5, 0, 100.00%, 19, 0, 6, 317.32
1713089912, 310, 43, 67, 5, 0, 100.00%, 19, 0, 6, 277.01
1713089917, 311, 13, 67, 5, 0, 100.00%, 19, 0, 6, 325.80
1713089922, 311, 20, 67, 5, 0, 100.00%, 19, 0, 6, 284.97
1713089927, 311, 29, 67, 5, 0, 100.00%, 19, 0, 6, 296.89
1713089932, 311, 53, 67, 5, 0, 100.00%, 19, 0, 6, 261.47
1713089937, 312, 7, 67, 5, 0, 100.00%, 19, 0, 6, 280.06
1713089942, 312, 20, 67, 5, 0, 100.00%, 19, 0, 6, 290.05
1713089947, 312, 30, 67, 5, 0, 100.00%, 19, 0, 6, 269.99
1713089952, 312, 43, 67, 5, 0, 100.00%, 19, 0, 6, 267.30
1713089957, 313, 6, 67, 5, 0, 100.00%, 19, 0, 6, 327.66
1713089962, 313, 23, 67, 5, 0, 100.00%, 19, 0, 6, 305.45
1713089967, 313, 37, 67, 5, 0, 100.00%, 19, 0, 6, 297.31
1713089972, 313, 66, 67, 5, 0, 100.00%, 19, 0, 6, 365.06
1713089978, 314, 18, 67, 5, 0, 100.00%, 19, 0, 6, 309.64
1713089983, 314, 23, 67, 5, 0, 100.00%, 19, 0, 6, 336.31
1713090018, 314, 24, 67, 5, 0, 100.00%, 19, 0, 6, 346.62
1713090024, 314, 38, 67, 5, 0, 100.00%, 19, 0, 6, 312.68
1713090029, 315, 11, 67, 5, 0, 100.00%, 19, 0, 6, 325.39
1713090034, 315, 18, 67, 5, 0, 100.00%, 19, 0, 6, 283.23
1713090039, 315, 28, 67, 5, 0, 100.00%, 19, 0, 6, 300.15
1713090044, 315, 43, 67, 5, 0, 100.00%, 19, 0, 6, 302.95
1713090049, 316, 11, 67, 5, 0, 100.00%, 19, 0, 6, 330.14
1713090054, 316, 20, 67, 5, 0, 100.00%, 19, 0, 6, 313.59
1713090059, 316, 31, 67, 5, 0, 100.00%, 19, 0, 6, 303.54
1713090064, 316, 43, 67, 5, 0, 100.00%, 19, 0, 6, 291.45
1713090070, 317, 6, 67, 5, 0, 100.00%, 19, 0, 6, 348.36
1713090075, 317, 20, 67, 5, 0, 100.00%, 19, 0, 6, 319.11
1713090080, 317, 25, 67, 5, 0, 100.00%, 19, 0, 6, 338.20
1713090085, 317, 43, 67, 5, 0, 100.00%, 19, 0, 6, 302.91
1713090090, 318, 6, 67, 5, 0, 100.00%, 19, 0, 6, 346.10
1713090095, 318, 20, 67, 5, 0, 100.00%, 19, 0, 6, 312.74
1713090100, 318, 37, 67, 5, 0, 100.00%, 19, 0, 6, 311.30
1713090105, 319, 6, 67, 5, 0, 100.00%, 19, 0, 6, 330.51
1713090110, 319, 20, 67, 5, 0, 100.00%, 19, 0, 6, 286.74
1713090115, 319, 30, 67, 5, 0, 100.00%, 19, 0, 6, 293.08
1713090120, 320, 6, 67, 5, 0, 100.00%, 19, 0, 6, 330.70
1713090126, 320, 20, 67, 5, 0, 100.00%, 19, 0, 6, 305.25
1713090131, 320, 25, 67, 5, 0, 100.00%, 19, 0, 6, 322.94
1713090166, 320, 28, 68, 6, 0, 100.00%, 19, 0, 6, 316.75
1713090171, 320, 43, 68, 6, 0, 100.00%, 19, 0, 6, 294.89
1713090176, 321, 6, 68, 6, 0, 100.00%, 19, 0, 6, 311.82
1713090182, 321, 20, 68, 6, 0, 100.00%, 19, 0, 6, 323.79
1713090187, 321, 37, 68, 6, 0, 100.00%, 19, 0, 6, 312.44
1713090192, 321, 58, 68, 6, 0, 100.00%, 19, 0, 6, 303.16
1713090197, 322, 13, 68, 6, 0, 100.00%, 19, 0, 6, 322.61
1713090202, 322, 23, 68, 6, 0, 100.00%, 19, 0, 6, 310.81
1713090207, 322, 36, 68, 6, 0, 100.00%, 19, 0, 6, 297.08
1713090212, 322, 66, 68, 6, 0, 100.00%, 19, 0, 6, 323.50
1713090217, 323, 18, 68, 6, 0, 100.00%, 19, 0, 6, 311.33
1713090222, 323, 23, 68, 6, 0, 100.00%, 19, 0, 6, 336.15
1713090258, 323, 29, 68, 6, 0, 100.00%, 19, 0, 6, 329.16
1713090263, 323, 44, 68, 6, 0, 100.00%, 19, 0, 6, 294.34
1713090268, 324, 15, 68, 6, 0, 100.00%, 19, 0, 6, 310.24
1713090273, 324, 25, 68, 6, 0, 100.00%, 19, 0, 6, 299.78
1713090278, 324, 37, 68, 6, 0, 100.00%, 19, 0, 6, 275.80
1713090283, 325, 4, 68, 6, 0, 100.00%, 19, 0, 6, 306.84
1713090288, 325, 18, 68, 6, 0, 100.00%, 19, 0, 6, 285.83
1713090293, 325, 29, 68, 6, 0, 100.00%, 19, 0, 6, 294.38
1713090299, 325, 43, 68, 6, 0, 100.00%, 19, 0, 6, 281.69
1713090304, 326, 6, 68, 6, 0, 100.00%, 19, 0, 6, 327.55
1713090309, 326, 20, 68, 6, 0, 100.00%, 19, 0, 6, 297.73
1713090314, 326, 25, 68, 6, 0, 100.00%, 19, 0, 6, 273.41
1713090319, 326, 43, 68, 6, 0, 100.00%, 19, 0, 6, 310.94
1713090324, 326, 67, 68, 6, 0, 100.00%, 19, 0, 6, 52.34
1713090400, 327, 20, 68, 5, 0, 100.00%, 19, 0, 6, 288.15
1713090405, 327, 29, 68, 5, 0, 100.00%, 19, 0, 6, 267.81
1713090410, 327, 54, 68, 5, 0, 100.00%, 19, 0, 6, 258.05
1713090415, 327, 65, 68, 5, 0, 100.00%, 19, 0, 6, 254.64
1713090420, 328, 7, 68, 5, 0, 100.00%, 19, 0, 6, 295.74
1713090425, 328, 20, 68, 5, 0, 100.00%, 19, 0, 6, 292.13
1713090430, 328, 30, 68, 5, 0, 100.00%, 19, 0, 6, 292.92
1713090435, 328, 55, 68, 5, 0, 100.00%, 19, 0, 6, 285.36
1713090440, 329, 15, 68, 5, 0, 100.00%, 19, 0, 6, 318.80
1713090446, 329, 20, 68, 5, 0, 100.00%, 19, 0, 6, 309.76
1713090451, 329, 29, 68, 5, 0, 100.00%, 19, 0, 6, 271.58
1713090456, 329, 65, 68, 5, 0, 100.00%, 19, 0, 6, 287.41
1713090461, 330, 6, 68, 5, 0, 100.00%, 19, 0, 6, 327.71
1713090466, 330, 20, 68, 5, 0, 100.00%, 19, 0, 6, 294.70
1713090471, 330, 30, 68, 5, 0, 100.00%, 19, 0, 6, 280.86
1713090476, 330, 52, 68, 5, 0, 100.00%, 19, 0, 6, 269.49
1713090481, 330, 65, 68, 5, 0, 100.00%, 19, 0, 6, 281.74
1713090486, 331, 14, 68, 5, 0, 100.00%, 19, 0, 6, 320.98
1713090491, 331, 25, 68, 5, 0, 100.00%, 19, 0, 6, 309.79
1713090497, 331, 38, 68, 5, 0, 100.00%, 19, 0, 6, 289.44
1713090502, 332, 6, 68, 5, 0, 100.00%, 19, 0, 6, 310.60
1713090507, 332, 18, 68, 5, 0, 100.00%, 19, 0, 6, 282.94
1713090512, 332, 30, 68, 5, 0, 100.00%, 19, 0, 6, 318.69
1713090517, 332, 55, 68, 5, 0, 100.00%, 19, 0, 6, 279.22
1713090522, 333, 15, 68, 5, 0, 100.00%, 19, 0, 6, 318.46
1713090527, 333, 23, 68, 5, 0, 100.00%, 19, 0, 6, 288.56
1713090532, 333, 38, 68, 5, 0, 100.00%, 19, 0, 6, 305.00
1713090537, 334, 4, 68, 5, 0, 100.00%, 19, 0, 6, 341.22
1713090542, 334, 18, 68, 5, 0, 100.00%, 19, 0, 6, 301.81
1713090547, 334, 28, 68, 5, 0, 100.00%, 19, 0, 6, 294.99
1713090552, 334, 43, 68, 5, 0, 100.00%, 19, 0, 6, 289.26
1713090557, 335, 15, 68, 5, 0, 100.00%, 19, 0, 6, 315.42
1713090598, 335, 16, 68, 5, 0, 100.00%, 19, 0, 6, 333.24
1713090603, 335, 26, 68, 5, 0, 100.00%, 19, 0, 6, 299.80
1713090608, 335, 38, 68, 5, 0, 100.00%, 19, 0, 6, 276.88
1713090613, 335, 66, 68, 5, 0, 100.00%, 19, 0, 6, 298.11
1713090619, 336, 18, 68, 5, 0, 100.00%, 19, 0, 6, 296.40
1713090624, 336, 29, 68, 5, 0, 100.00%, 19, 0, 6, 278.82
1713090629, 336, 55, 68, 5, 0, 100.00%, 19, 0, 6, 280.73
1713090634, 337, 15, 68, 5, 0, 100.00%, 19, 0, 6, 308.07
1713090639, 337, 20, 68, 5, 0, 100.00%, 19, 0, 6, 282.01
1713090644, 337, 30, 68, 5, 0, 100.00%, 19, 0, 6, 290.76
1713090649, 337, 55, 68, 5, 0, 100.00%, 19, 0, 6, 276.68
1713090654, 338, 13, 68, 5, 0, 100.00%, 19, 0, 6, 302.27
1713090694, 338, 15, 68, 5, 0, 100.00%, 19, 0, 6, 331.80
1713090700, 338, 25, 68, 5, 0, 100.00%, 19, 0, 6, 291.52
1713090705, 338, 38, 68, 5, 0, 100.00%, 19, 0, 6, 264.19
1713090710, 338, 58, 68, 5, 0, 100.00%, 19, 0, 6, 280.30
1713090715, 339, 16, 68, 5, 0, 100.00%, 19, 0, 6, 311.23
1713090720, 339, 28, 68, 5, 0, 100.00%, 19, 0, 6, 298.13
1713090725, 339, 41, 68, 5, 0, 100.00%, 19, 0, 6, 294.34
1713090730, 339, 55, 68, 5, 0, 100.00%, 19, 0, 6, 320.66
1713090735, 340, 13, 68, 5, 0, 100.00%, 19, 0, 6, 336.86
