# unix_time, cycles_done, cur_path, paths_total, pending_total, pending_favs, map_size, unique_crashes, unique_hangs, max_depth, execs_per_sec
1712823456, 0, 0, 9, 9, 7, 5.65%, 0, 0, 1, 10400.00
1712823461, 0, 0, 11, 11, 7, 5.66%, 4, 0, 2, 372.90
1712823476, 0, 0, 11, 11, 7, 5.66%, 6, 0, 2, 51.46
1712823481, 0, 0, 12, 12, 7, 5.66%, 6, 0, 2, 33.81
1712823487, 0, 0, 13, 13, 7, 5.66%, 6, 0, 2, 25.67
1712823492, 0, 0, 14, 14, 7, 5.66%, 6, 0, 2, 24.95
1712823497, 0, 0, 15, 15, 7, 100.00%, 6, 0, 2, 25.15
1712823528, 0, 0, 16, 16, 7, 100.00%, 6, 0, 2, 23.88
1712824487, 0, 0, 17, 17, 7, 100.00%, 6, 0, 2, 24.78
1712824518, 0, 0, 18, 18, 7, 100.00%, 6, 0, 2, 25.05
1712824528, 0, 0, 19, 19, 7, 100.00%, 6, 0, 2, 25.09
1712824544, 0, 1, 25, 24, 7, 100.00%, 6, 0, 2, 137.25
1712824549, 0, 1, 27, 26, 7, 100.00%, 6, 0, 2, 87.72
1712824554, 0, 1, 28, 27, 7, 100.00%, 6, 0, 2, 71.51
1712824559, 0, 2, 29, 27, 10, 100.00%, 6, 0, 2, 60.02
1712824564, 0, 2, 32, 30, 10, 100.00%, 6, 0, 2, 28.38
1712824584, 0, 2, 34, 32, 10, 100.00%, 6, 0, 2, 56.67
1712824656, 0, 2, 35, 33, 10, 100.00%, 6, 0, 2, 20.30
1712824666, 0, 2, 39, 37, 10, 100.00%, 6, 0, 2, 37.62
1712824676, 0, 3, 39, 36, 11, 100.00%, 6, 0, 2, 99.50
1712824722, 0, 3, 41, 38, 11, 100.00%, 6, 0, 2, 67.99
1712824727, 0, 6, 41, 37, 9, 100.00%, 6, 0, 2, 63.04
1712824778, 0, 24, 41, 36, 8, 100.00%, 6, 0, 2, 75.24
1712824783, 0, 24, 42, 37, 8, 100.00%, 6, 0, 3, 57.39
1712824793, 0, 25, 42, 36, 7, 100.00%, 6, 0, 3, 45.27
1712824808, 0, 26, 43, 36, 6, 100.00%, 6, 0, 3, 77.11
1712824824, 0, 29, 43, 35, 6, 100.00%, 6, 0, 3, 70.08
1712824834, 0, 32, 43, 34, 5, 100.00%, 6, 0, 3, 63.24
1712824839, 0, 32, 44, 35, 5, 100.00%, 6, 0, 3, 144.76
1712824895, 0, 33, 44, 34, 4, 100.00%, 6, 0, 3, 53.17
