# unix_time, cycles_done, cur_path, paths_total, pending_total, pending_favs, map_size, unique_crashes, unique_hangs, max_depth, execs_per_sec
1712067344, 0, 0, 3, 3, 3, 5.62%, 0, 0, 1, 5.98
1712067349, 0, 0, 5, 5, 3, 5.65%, 1, 0, 2, 15.72
1712067355, 0, 0, 7, 7, 3, 5.67%, 1, 0, 2, 15.38
1712067360, 0, 0, 8, 8, 3, 5.67%, 1, 0, 2, 11.77
1712067365, 0, 0, 9, 9, 3, 5.67%, 1, 0, 2, 9.72
1712067380, 0, 0, 10, 10, 3, 5.67%, 1, 0, 2, 75.33
1712067411, 0, 0, 12, 12, 3, 5.71%, 1, 0, 2, 14.61
1712067421, 0, 0, 13, 13, 3, 5.72%, 1, 0, 2, 78.02
1712067426, 0, 0, 16, 16, 3, 5.73%, 1, 0, 2, 57.11
1712067431, 0, 0, 17, 17, 3, 5.73%, 1, 0, 2, 62.50
1712067457, 0, 1, 21, 20, 9, 6.07%, 1, 0, 2, 391.29
1712067467, 0, 2, 24, 22, 10, 6.07%, 1, 0, 2, 73.52
1712067472, 0, 2, 25, 23, 10, 6.08%, 1, 0, 2, 49.10
1712067477, 0, 2, 26, 24, 10, 6.09%, 1, 0, 2, 60.53
1712067483, 0, 2, 27, 25, 10, 6.09%, 1, 0, 2, 79.90
1712067488, 0, 10, 27, 24, 12, 6.09%, 1, 0, 2, 74.43
1712067528, 0, 11, 27, 23, 11, 6.09%, 1, 0, 2, 66.98
1712067579, 0, 12, 27, 22, 10, 6.09%, 1, 0, 2, 50.96
1712067605, 0, 12, 29, 24, 10, 6.09%, 1, 0, 3, 61.62
1712067636, 0, 13, 30, 24, 9, 6.09%, 1, 0, 3, 67.39
1712067641, 0, 13, 31, 25, 9, 6.09%, 1, 0, 3, 73.45
1712067697, 0, 14, 31, 24, 9, 6.09%, 1, 0, 3, 52.84
1712067702, 0, 14, 32, 25, 9, 6.09%, 1, 0, 3, 524.13
1712067738, 0, 16, 32, 24, 9, 6.09%, 1, 0, 3, 74.07
1712067768, 0, 17, 32, 23, 8, 6.09%, 1, 0, 3, 57.00
1712067778, 0, 19, 32, 22, 7, 6.09%, 1, 0, 3, 83.16
1712067793, 0, 20, 32, 21, 6, 6.09%, 1, 0, 3, 52.35
1712067804, 0, 22, 32, 20, 5, 6.09%, 1, 0, 3, 59.43
1712067824, 0, 24, 32, 19, 4, 6.09%, 1, 0, 3, 65.27
1712067844, 0, 25, 32, 18, 3, 6.09%, 1, 0, 3, 69.44
1712067854, 0, 25, 33, 19, 3, 6.09%, 1, 0, 3, 348.14
1712067865, 0, 30, 33, 18, 3, 6.09%, 1, 0, 3, 84.35
1712067931, 0, 31, 33, 17, 2, 6.09%, 1, 0, 3, 145.11
1712067971, 0, 32, 33, 16, 1, 6.09%, 1, 0, 3, 50.70
1712067992, 1, 5, 33, 15, 0, 6.09%, 1, 0, 3, 69.51
1712068047, 1, 19, 33, 14, 0, 6.09%, 1, 0, 3, 54.40
1712068053, 1, 32, 33, 14, 0, 6.09%, 1, 0, 3, 48.42
1712068058, 2, 3, 33, 14, 0, 6.09%, 2, 0, 3, 64.93
1712068088, 2, 6, 33, 13, 0, 6.09%, 2, 0, 3, 77.98
1712068139, 2, 7, 33, 12, 0, 6.09%, 2, 0, 3, 66.52
1712068175, 2, 8, 33, 11, 0, 6.09%, 2, 0, 3, 72.51
1712068226, 2, 9, 33, 10, 0, 6.09%, 2, 0, 3, 66.71
1712068266, 2, 10, 33, 9, 0, 6.09%, 2, 0, 3, 62.72
1712068272, 2, 11, 33, 9, 0, 6.09%, 2, 0, 3, 55.29
1712068277, 2, 12, 33, 9, 0, 6.09%, 2, 0, 3, 60.43
1712068282, 2, 14, 33, 9, 0, 6.09%, 2, 0, 3, 66.94
1712068287, 2, 16, 33, 9, 0, 6.09%, 2, 0, 3, 64.41
1712068292, 2, 19, 33, 9, 0, 6.09%, 2, 0, 3, 65.80
1712068297, 2, 20, 33, 9, 0, 6.09%, 2, 0, 3, 56.39
1712068302, 2, 22, 33, 9, 0, 6.09%, 2, 0, 3, 56.26
1712068307, 2, 28, 33, 9, 0, 6.09%, 2, 0, 3, 68.25
1712068332, 2, 28, 34, 10, 0, 6.09%, 2, 0, 4, 57.32
1712068337, 2, 28, 35, 11, 0, 6.09%, 2, 0, 4, 61.73
1712068368, 2, 30, 35, 10, 0, 6.09%, 2, 0, 4, 59.05
1712068378, 2, 32, 35, 10, 0, 6.09%, 2, 0, 4, 55.62
1712068383, 2, 34, 35, 10, 0, 6.09%, 2, 0, 4, 67.64
1712068388, 2, 34, 36, 11, 0, 6.09%, 2, 0, 5, 77.66
1712068403, 2, 34, 37, 12, 0, 6.09%, 2, 0, 5, 59.21
1712068454, 2, 36, 38, 12, 0, 6.09%, 2, 0, 6, 69.82
1712068515, 2, 37, 38, 11, 0, 6.09%, 2, 0, 6, 70.58
1712068581, 3, 10, 38, 10, 0, 6.09%, 2, 0, 6, 59.89
1712068586, 3, 11, 38, 10, 0, 6.09%, 2, 0, 6, 64.46
1712068591, 3, 12, 38, 10, 0, 6.09%, 2, 0, 6, 54.36
1712068596, 3, 16, 38, 10, 0, 6.09%, 2, 0, 6, 59.68
1712068601, 3, 17, 38, 10, 0, 6.09%, 2, 0, 6, 58.03
1712068606, 3, 19, 38, 10, 0, 6.09%, 2, 0, 6, 66.72
1712068611, 3, 22, 38, 10, 0, 6.09%, 2, 0, 6, 77.29
1712068616, 3, 27, 38, 10, 0, 6.09%, 2, 0, 6, 72.27
1712068683, 3, 30, 38, 9, 0, 6.09%, 2, 0, 6, 57.49
1712068688, 3, 31, 38, 9, 0, 6.09%, 2, 0, 6, 57.13
1712068693, 3, 32, 39, 10, 0, 6.09%, 2, 0, 6, 58.39
1712068698, 4, 10, 39, 10, 0, 6.09%, 2, 0, 6, 65.05
1712068703, 4, 12, 39, 10, 0, 6.09%, 2, 0, 6, 57.89
1712068708, 4, 14, 39, 10, 0, 6.09%, 2, 0, 6, 52.74
1712068713, 4, 16, 39, 10, 0, 6.09%, 2, 0, 6, 52.49
1712068718, 4, 17, 39, 10, 0, 6.09%, 2, 0, 6, 52.75
1712068723, 4, 18, 39, 10, 0, 6.09%, 2, 0, 6, 84.40
1712068738, 4, 19, 39, 9, 0, 6.09%, 2, 0, 6, 62.29
1712068743, 4, 20, 39, 9, 0, 6.09%, 2, 0, 6, 80.39
1712068748, 4, 22, 39, 9, 0, 6.09%, 2, 0, 6, 60.28
1712068754, 4, 23, 39, 9, 0, 6.09%, 2, 0, 6, 52.95
1712068774, 4, 26, 40, 9, 0, 6.09%, 2, 0, 6, 75.36
1712068784, 4, 26, 42, 11, 0, 6.09%, 2, 0, 6, 78.02
1712068799, 4, 39, 42, 10, 2, 6.09%, 2, 0, 6, 53.92
1712068830, 4, 41, 42, 9, 1, 6.09%, 2, 0, 6, 64.75
1712068860, 5, 10, 42, 8, 0, 6.09%, 2, 0, 6, 50.17
1712068865, 5, 11, 42, 8, 0, 6.09%, 2, 0, 6, 52.68
1712068870, 5, 12, 42, 8, 0, 6.09%, 2, 0, 6, 59.12
1712068875, 5, 14, 42, 8, 0, 6.09%, 2, 0, 6, 51.39
1712068880, 5, 17, 42, 8, 0, 6.09%, 2, 0, 6, 333.28
1712068886, 5, 21, 42, 8, 0, 6.09%, 2, 0, 6, 78.18
1712068906, 5, 31, 43, 8, 0, 6.09%, 2, 0, 6, 225.66
1712068911, 5, 33, 43, 8, 0, 6.09%, 2, 0, 6, 123.98
1712068962, 5, 35, 44, 8, 0, 6.09%, 2, 0, 6, 147.32
1712069002, 5, 35, 45, 9, 0, 6.09%, 2, 0, 6, 52.81
1712069008, 5, 39, 45, 8, 0, 6.09%, 2, 0, 6, 59.38
1712069013, 5, 41, 45, 8, 0, 6.09%, 2, 0, 6, 57.37
1712069018, 5, 43, 45, 8, 0, 6.09%, 2, 0, 6, 68.69
1712069099, 6, 11, 45, 7, 0, 6.09%, 2, 0, 6, 58.09
1712069104, 6, 12, 45, 7, 0, 6.09%, 2, 0, 6, 60.51
1712069109, 6, 16, 45, 7, 0, 6.09%, 2, 0, 6, 49.48
1712069114, 6, 17, 45, 7, 0, 6.09%, 2, 0, 6, 52.25
1712069119, 6, 19, 45, 7, 0, 6.09%, 2, 0, 6, 58.91
1712069125, 6, 20, 45, 7, 0, 6.09%, 2, 0, 6, 73.60
1712069130, 6, 22, 45, 7, 0, 6.09%, 2, 0, 6, 53.39
1712069135, 6, 28, 45, 7, 0, 6.09%, 2, 0, 6, 56.13
1712069140, 6, 30, 45, 7, 0, 6.09%, 2, 0, 6, 55.97
1712069145, 6, 31, 45, 7, 0, 6.09%, 2, 0, 6, 51.59
1712069150, 6, 35, 45, 7, 0, 6.09%, 2, 0, 6, 62.60
1712069160, 6, 38, 45, 7, 0, 6.09%, 2, 0, 6, 71.62
1712069221, 6, 39, 45, 6, 0, 6.09%, 2, 0, 6, 49.38
1712069226, 6, 41, 45, 6, 0, 6.09%, 2, 0, 6, 59.72
1712069231, 6, 42, 45, 6, 0, 6.09%, 2, 0, 6, 66.58
1712069317, 7, 10, 45, 5, 0, 6.09%, 2, 0, 6, 53.01
1712069322, 7, 11, 45, 5, 0, 6.09%, 2, 0, 6, 52.45
1712069327, 7, 12, 45, 5, 0, 6.09%, 2, 0, 6, 58.39
1712069332, 7, 13, 45, 5, 0, 6.09%, 2, 0, 6, 55.64
1712069338, 7, 15, 45, 5, 0, 6.09%, 2, 0, 6, 73.30
1712069373, 7, 16, 45, 4, 0, 6.09%, 2, 0, 6, 55.57
1712069378, 7, 17, 46, 5, 0, 6.09%, 2, 0, 6, 46.82
1712069383, 7, 45, 46, 5, 1, 6.09%, 2, 0, 6, 63.66
1712069465, 8, 10, 46, 4, 0, 6.09%, 2, 0, 6, 78.87
1712069470, 8, 12, 46, 4, 0, 6.09%, 2, 0, 6, 63.30
1712069475, 8, 16, 46, 4, 0, 6.09%, 2, 0, 6, 60.16
1712069480, 8, 17, 46, 4, 0, 6.09%, 2, 0, 6, 55.05
1712069485, 8, 19, 46, 4, 0, 6.09%, 2, 0, 6, 58.15
1712069490, 8, 20, 46, 4, 0, 6.09%, 2, 0, 6, 59.75
1712069495, 8, 22, 46, 4, 0, 6.09%, 2, 0, 6, 61.07
1712069501, 8, 30, 46, 4, 0, 6.09%, 2, 0, 6, 50.70
1712069506, 8, 31, 46, 4, 0, 6.09%, 2, 0, 6, 62.21
1712069511, 8, 32, 46, 4, 0, 6.09%, 2, 0, 6, 57.10
1712069516, 8, 34, 46, 4, 0, 6.09%, 2, 0, 6, 59.51
1712069521, 8, 35, 46, 4, 0, 6.09%, 2, 0, 6, 60.93
1712069526, 8, 39, 46, 4, 0, 6.09%, 2, 0, 6, 58.05
1712069531, 8, 40, 46, 4, 0, 6.09%, 2, 0, 6, 75.12
1712069561, 8, 41, 46, 3, 0, 6.09%, 2, 0, 6, 52.55
1712069566, 8, 45, 46, 3, 0, 6.09%, 2, 0, 6, 40.36
1712069571, 9, 10, 46, 3, 0, 6.09%, 2, 0, 6, 51.98
1712069576, 9, 11, 46, 3, 0, 6.09%, 2, 0, 6, 51.41
1712069582, 9, 12, 46, 3, 0, 6.09%, 2, 0, 6, 52.79
1712069587, 9, 16, 46, 3, 0, 6.09%, 2, 0, 6, 50.81
1712069592, 9, 17, 46, 3, 0, 6.09%, 2, 0, 6, 64.19
1712069597, 9, 20, 46, 3, 0, 6.09%, 2, 0, 6, 86.89
1712069602, 9, 22, 46, 3, 0, 6.09%, 2, 0, 6, 70.01
1712069607, 9, 30, 46, 3, 0, 6.09%, 2, 0, 6, 48.47
1712069612, 9, 31, 46, 3, 0, 6.09%, 2, 0, 6, 43.29
1712069617, 9, 32, 46, 3, 0, 6.09%, 2, 0, 6, 51.17
1712069622, 9, 35, 46, 3, 0, 6.09%, 2, 0, 6, 89.64
1712069627, 9, 44, 46, 3, 0, 6.09%, 2, 0, 6, 193.41
1712069632, 9, 44, 48, 5, 0, 6.09%, 2, 0, 7, 94.77
1712069693, 9, 46, 48, 4, 1, 6.09%, 2, 0, 7, 189.85
1712069760, 10, 11, 48, 3, 0, 6.09%, 2, 0, 7, 34.37
1712069765, 10, 16, 48, 3, 0, 6.09%, 2, 0, 7, 53.27
1712069770, 10, 17, 48, 3, 0, 6.09%, 2, 0, 7, 60.61
1712069775, 10, 20, 48, 3, 0, 6.09%, 2, 0, 7, 65.58
1712069780, 10, 22, 48, 3, 0, 6.09%, 2, 0, 7, 65.12
1712069785, 10, 25, 48, 3, 0, 6.09%, 2, 0, 7, 60.03
1712069790, 10, 30, 48, 3, 0, 6.09%, 2, 0, 7, 57.71
1712069796, 10, 31, 48, 3, 0, 6.09%, 2, 0, 7, 54.59
1712069801, 10, 32, 48, 3, 0, 6.09%, 2, 0, 7, 53.49
1712069806, 10, 35, 48, 3, 0, 6.09%, 2, 0, 7, 51.15
1712069811, 10, 39, 48, 3, 0, 6.09%, 2, 0, 7, 51.51
1712069816, 10, 41, 48, 3, 0, 6.09%, 2, 0, 7, 58.93
1712069821, 10, 45, 48, 3, 0, 6.09%, 2, 0, 7, 45.49
1712069826, 10, 46, 48, 3, 0, 6.09%, 2, 0, 7, 54.20
1712069841, 11, 11, 48, 3, 0, 6.09%, 2, 0, 7, 56.68
1712069846, 11, 16, 48, 3, 0, 6.09%, 2, 0, 7, 49.50
1712069851, 11, 17, 48, 3, 0, 6.09%, 2, 0, 7, 56.47
1712069856, 11, 19, 48, 3, 0, 6.09%, 2, 0, 7, 52.52
1712069862, 11, 20, 48, 3, 0, 6.09%, 2, 0, 7, 56.46
1712069867, 11, 22, 48, 3, 0, 6.09%, 2, 0, 7, 56.05
1712069872, 11, 29, 48, 3, 0, 6.09%, 2, 0, 7, 62.82
1712069938, 11, 30, 48, 2, 0, 6.09%, 2, 0, 7, 45.50
1712069943, 11, 31, 48, 2, 0, 6.09%, 2, 0, 7, 45.04
1712069948, 11, 32, 48, 2, 0, 6.09%, 2, 0, 7, 56.07
1712069953, 11, 35, 48, 2, 0, 6.09%, 2, 0, 7, 56.90
1712069959, 11, 39, 48, 2, 0, 6.09%, 2, 0, 7, 58.32
1712069964, 11, 41, 48, 2, 0, 6.09%, 2, 0, 7, 52.16
1712069969, 11, 45, 48, 2, 0, 6.09%, 2, 0, 7, 47.51
1712069974, 11, 46, 48, 2, 0, 6.09%, 2, 0, 7, 52.66
1712069984, 12, 11, 48, 2, 0, 6.09%, 2, 0, 7, 56.00
1712069989, 12, 16, 48, 2, 0, 6.09%, 2, 0, 7, 52.17
1712069994, 12, 19, 48, 2, 0, 6.09%, 2, 0, 7, 64.65
1712069999, 12, 20, 48, 2, 0, 6.09%, 2, 0, 7, 61.67
1712070004, 12, 22, 48, 2, 0, 6.09%, 2, 0, 7, 50.58
1712070009, 12, 30, 48, 2, 0, 6.09%, 2, 0, 7, 51.35
1712070014, 12, 31, 48, 2, 0, 6.09%, 2, 0, 7, 59.00
1712070019, 12, 32, 48, 2, 0, 6.09%, 2, 0, 7, 60.85
1712070024, 12, 35, 48, 2, 0, 6.09%, 2, 0, 7, 65.12
1712070029, 12, 39, 48, 2, 0, 6.09%, 2, 0, 7, 58.57
1712070034, 12, 41, 48, 2, 0, 6.09%, 2, 0, 7, 50.58
1712070040, 12, 45, 48, 2, 0, 6.09%, 2, 0, 7, 58.14
1712070045, 12, 46, 48, 2, 0, 6.09%, 2, 0, 7, 52.30
1712070050, 13, 4, 48, 2, 0, 6.09%, 2, 0, 7, 70.69
1712070091, 13, 11, 48, 1, 0, 6.09%, 2, 0, 7, 57.59
1712070096, 13, 16, 48, 1, 0, 6.09%, 2, 0, 7, 57.46
1712070101, 13, 17, 48, 1, 0, 6.09%, 2, 0, 7, 62.23
1712070106, 13, 19, 48, 1, 0, 6.09%, 2, 0, 7, 67.14
1712070111, 13, 22, 48, 1, 0, 6.09%, 2, 0, 7, 65.51
1712070116, 13, 30, 48, 1, 0, 6.09%, 2, 0, 7, 53.85
1712070121, 13, 31, 48, 1, 0, 6.09%, 2, 0, 7, 47.60
1712070126, 13, 32, 48, 1, 0, 6.09%, 2, 0, 7, 55.41
1712070131, 13, 33, 48, 1, 0, 6.09%, 2, 0, 7, 55.31
1712070141, 13, 35, 48, 1, 0, 6.09%, 2, 0, 7, 58.70
1712070146, 13, 39, 48, 1, 0, 6.09%, 2, 0, 7, 56.22
1712070151, 14, 11, 48, 1, 0, 6.09%, 2, 0, 7, 289.48
1712070157, 14, 16, 48, 1, 0, 6.09%, 2, 0, 7, 54.60
1712070162, 14, 19, 48, 1, 0, 6.09%, 2, 0, 7, 71.12
1712070167, 14, 20, 48, 1, 0, 6.09%, 2, 0, 7, 62.52
1712070172, 14, 22, 48, 1, 0, 6.09%, 2, 0, 7, 59.61
1712070177, 14, 28, 48, 1, 0, 6.09%, 2, 0, 7, 60.85
1712070182, 14, 30, 48, 1, 0, 6.09%, 2, 0, 7, 54.96
1712070187, 14, 31, 48, 1, 0, 6.09%, 2, 0, 7, 54.10
1712070192, 14, 32, 48, 1, 0, 6.09%, 2, 0, 7, 55.41
1712070197, 14, 35, 48, 1, 0, 6.09%, 2, 0, 7, 61.41
1712070202, 14, 39, 48, 1, 0, 6.09%, 2, 0, 7, 55.93
1712070207, 14, 41, 48, 1, 0, 6.09%, 2, 0, 7, 56.14
1712070213, 14, 45, 48, 1, 0, 6.09%, 2, 0, 7, 60.58
1712070218, 14, 46, 48, 1, 0, 6.09%, 2, 0, 7, 60.98
1712070223, 14, 47, 48, 1, 0, 6.09%, 2, 0, 7, 60.66
1712070309, 15, 11, 48, 0, 0, 6.09%, 2, 0, 7, 68.95
1712070314, 15, 16, 48, 0, 0, 6.09%, 2, 0, 7, 54.43
1712070319, 15, 17, 48, 0, 0, 6.09%, 2, 0, 7, 64.57
1712070324, 15, 19, 48, 0, 0, 6.09%, 2, 0, 7, 70.01
1712070329, 15, 22, 48, 0, 0, 6.09%, 2, 0, 7, 74.18
1712070334, 15, 28, 48, 0, 0, 6.09%, 2, 0, 7, 61.12
1712070339, 15, 30, 48, 0, 0, 6.09%, 2, 0, 7, 49.81
1712070345, 15, 31, 48, 0, 0, 6.09%, 2, 0, 7, 52.40
1712070350, 15, 32, 48, 0, 0, 6.09%, 2, 0, 7, 52.42
1712070360, 15, 35, 48, 0, 0, 6.09%, 2, 0, 7, 56.96
1712070365, 15, 37, 48, 0, 0, 6.09%, 2, 0, 7, 59.19
1712070370, 15, 39, 48, 0, 0, 6.09%, 2, 0, 7, 56.99
1712070375, 15, 45, 48, 0, 0, 6.09%, 2, 0, 7, 58.38
1712070380, 15, 46, 48, 0, 0, 6.09%, 2, 0, 7, 53.58
1712070390, 16, 16, 48, 0, 0, 6.09%, 2, 0, 7, 56.17
1712070395, 16, 17, 48, 0, 0, 6.09%, 2, 0, 7, 54.56
1712070400, 16, 19, 48, 0, 0, 6.09%, 2, 0, 7, 64.08
1712070405, 16, 20, 48, 0, 0, 6.09%, 2, 0, 7, 61.39
1712070410, 16, 22, 48, 0, 0, 6.09%, 2, 0, 7, 66.67
1712070415, 16, 27, 48, 0, 0, 6.09%, 2, 0, 7, 53.98
1712070420, 16, 30, 48, 0, 0, 6.09%, 2, 0, 7, 59.13
1712070425, 16, 31, 48, 0, 0, 6.09%, 2, 0, 7, 54.67
1712070430, 16, 32, 48, 0, 0, 6.09%, 2, 0, 7, 64.74
1712070435, 16, 35, 48, 0, 0, 6.09%, 2, 0, 7, 59.27
1712070440, 16, 39, 48, 0, 0, 6.09%, 2, 0, 7, 59.58
1712070445, 16, 41, 48, 0, 0, 6.09%, 2, 0, 7, 55.57
1712070450, 16, 45, 48, 0, 0, 6.09%, 2, 0, 7, 59.33
1712070455, 16, 46, 48, 0, 0, 6.09%, 2, 0, 7, 57.58
1712070460, 17, 15, 48, 0, 0, 6.09%, 2, 0, 7, 58.17
1712070471, 17, 17, 48, 0, 0, 6.09%, 2, 0, 7, 62.18
1712070476, 17, 19, 48, 0, 0, 6.09%, 2, 0, 7, 61.14
1712070481, 17, 20, 48, 0, 0, 6.09%, 2, 0, 7, 57.93
1712070486, 17, 22, 48, 0, 0, 6.09%, 2, 0, 7, 63.02
1712070491, 17, 23, 48, 0, 0, 6.09%, 2, 0, 7, 53.37
1712070496, 17, 30, 48, 0, 0, 6.09%, 2, 0, 7, 49.04
1712070506, 17, 32, 48, 0, 0, 6.09%, 2, 0, 7, 50.93
1712070512, 17, 35, 48, 0, 0, 6.09%, 2, 0, 7, 58.06
1712070517, 17, 39, 48, 0, 0, 6.09%, 2, 0, 7, 61.37
1712070522, 17, 41, 48, 0, 0, 6.09%, 2, 0, 7, 54.26
1712070527, 17, 45, 48, 0, 0, 6.09%, 2, 0, 7, 55.96
1712070532, 17, 46, 48, 0, 0, 6.09%, 2, 0, 7, 52.90
1712070537, 18, 2, 48, 0, 0, 6.09%, 2, 0, 7, 68.57
1712070542, 18, 20, 48, 0, 0, 6.09%, 2, 0, 7, 248.93
1712070547, 18, 30, 48, 0, 0, 6.09%, 2, 0, 7, 51.55
1712070557, 18, 31, 48, 0, 0, 6.09%, 2, 0, 7, 58.28
1712070563, 18, 32, 48, 0, 0, 6.09%, 2, 0, 7, 54.44
1712070568, 18, 35, 48, 0, 0, 6.09%, 2, 0, 7, 51.05
1712070573, 18, 39, 48, 0, 0, 6.09%, 2, 0, 7, 50.92
1712070578, 18, 41, 48, 0, 0, 6.09%, 2, 0, 7, 54.58
1712070583, 18, 45, 48, 0, 0, 6.09%, 2, 0, 7, 57.86
1712070588, 18, 46, 48, 0, 0, 6.09%, 2, 0, 7, 53.75
1712070593, 19, 2, 48, 0, 0, 6.09%, 2, 0, 7, 59.51
1712070598, 19, 8, 48, 0, 0, 6.09%, 2, 0, 7, 58.95
1712070603, 19, 16, 48, 0, 0, 6.09%, 2, 0, 7, 58.91
1712070608, 19, 17, 48, 0, 0, 6.09%, 2, 0, 7, 50.47
1712070613, 19, 19, 48, 0, 0, 6.09%, 2, 0, 7, 57.51
1712070618, 19, 20, 48, 0, 0, 6.09%, 2, 0, 7, 58.41
1712070624, 19, 22, 48, 0, 0, 6.09%, 2, 0, 7, 56.94
1712070629, 19, 30, 48, 0, 0, 6.09%, 2, 0, 7, 58.93
1712070634, 19, 31, 48, 0, 0, 6.09%, 2, 0, 7, 50.49
1712070639, 19, 32, 48, 0, 0, 6.09%, 2, 0, 7, 50.99
1712070644, 19, 35, 48, 0, 0, 6.09%, 2, 0, 7, 52.32
1712070649, 19, 39, 48, 0, 0, 6.09%, 2, 0, 7, 53.88
1712070654, 19, 41, 48, 0, 0, 6.09%, 2, 0, 7, 51.21
1712070659, 19, 45, 48, 0, 0, 6.09%, 2, 0, 7, 57.00
1712070664, 19, 46, 48, 0, 0, 6.09%, 2, 0, 7, 53.65
1712070669, 20, 0, 48, 0, 0, 6.09%, 2, 0, 7, 51.98
1712070674, 20, 11, 48, 0, 0, 6.09%, 2, 0, 7, 55.66
1712070679, 20, 16, 48, 0, 0, 6.09%, 2, 0, 7, 253.59
1712070684, 20, 17, 48, 0, 0, 6.09%, 2, 0, 7, 105.33
1712070689, 20, 19, 48, 0, 0, 6.09%, 2, 0, 7, 70.44
1712070694, 20, 22, 48, 0, 0, 6.09%, 2, 0, 7, 74.05
1712070700, 20, 30, 48, 0, 0, 6.09%, 2, 0, 7, 72.09
1712070705, 20, 31, 48, 0, 0, 6.09%, 2, 0, 7, 71.62
1712070710, 20, 32, 48, 0, 0, 6.09%, 2, 0, 7, 62.48
1712070715, 20, 35, 48, 0, 0, 6.09%, 2, 0, 7, 58.17
1712070720, 20, 39, 48, 0, 0, 6.09%, 2, 0, 7, 59.61
1712070725, 20, 41, 48, 0, 0, 6.09%, 2, 0, 7, 52.76
1712070730, 20, 45, 48, 0, 0, 6.09%, 2, 0, 7, 52.42
1712070735, 20, 46, 48, 0, 0, 6.09%, 2, 0, 7, 51.90
1712070740, 21, 11, 48, 0, 0, 6.09%, 2, 0, 7, 52.94
1712070745, 21, 14, 48, 0, 0, 6.09%, 2, 0, 7, 50.22
1712070750, 21, 16, 48, 0, 0, 6.09%, 2, 0, 7, 57.74
1712070755, 21, 17, 48, 0, 0, 6.09%, 2, 0, 7, 56.22
1712070760, 21, 19, 48, 0, 0, 6.09%, 2, 0, 7, 57.49
1712070765, 21, 22, 48, 0, 0, 6.09%, 2, 0, 7, 61.71
1712070770, 21, 24, 48, 0, 0, 6.09%, 2, 0, 7, 68.38
1712070775, 21, 30, 48, 0, 0, 6.09%, 2, 0, 7, 55.69
1712070780, 21, 31, 48, 0, 0, 6.09%, 2, 0, 7, 65.66
1712070785, 21, 32, 48, 0, 0, 6.09%, 2, 0, 7, 52.20
1712070791, 21, 35, 48, 0, 0, 6.09%, 2, 0, 7, 54.24
1712070796, 21, 39, 48, 0, 0, 6.09%, 2, 0, 7, 67.02
1712070801, 21, 41, 48, 0, 0, 6.09%, 2, 0, 7, 53.86
1712070806, 21, 45, 48, 0, 0, 6.09%, 2, 0, 7, 50.69
1712070811, 21, 46, 48, 0, 0, 6.09%, 2, 0, 7, 50.39
1712070816, 22, 19, 48, 0, 0, 6.09%, 2, 0, 7, 327.25
1712070821, 22, 30, 48, 0, 0, 6.09%, 2, 0, 7, 33.88
1712070826, 22, 31, 48, 0, 0, 6.09%, 2, 0, 7, 47.78
1712070831, 22, 32, 48, 0, 0, 6.09%, 2, 0, 7, 53.77
1712070836, 22, 35, 48, 0, 0, 6.09%, 2, 0, 7, 60.04
1712070842, 22, 39, 48, 0, 0, 6.09%, 2, 0, 7, 56.64
1712070847, 22, 41, 48, 0, 0, 6.09%, 2, 0, 7, 56.74
1712070852, 22, 45, 48, 0, 0, 6.09%, 2, 0, 7, 49.29
1712070857, 22, 46, 48, 0, 0, 6.09%, 2, 0, 7, 49.86
1712070862, 23, 0, 48, 0, 0, 6.09%, 2, 0, 7, 47.27
1712070867, 23, 11, 48, 0, 0, 6.09%, 2, 0, 7, 55.99
1712070872, 23, 16, 48, 0, 0, 6.09%, 2, 0, 7, 60.16
1712070877, 23, 17, 48, 0, 0, 6.09%, 2, 0, 7, 54.44
1712070882, 23, 19, 48, 0, 0, 6.09%, 2, 0, 7, 53.26
1712070887, 23, 20, 48, 0, 0, 6.09%, 2, 0, 7, 64.05
1712070892, 23, 22, 48, 0, 0, 6.09%, 2, 0, 7, 60.36
1712070897, 23, 30, 48, 0, 0, 6.09%, 2, 0, 7, 47.47
1712070902, 23, 31, 48, 0, 0, 6.09%, 2, 0, 7, 53.37
1712070907, 23, 32, 48, 0, 0, 6.09%, 2, 0, 7, 55.26
1712070912, 23, 35, 48, 0, 0, 6.09%, 2, 0, 7, 53.86
1712070917, 23, 39, 48, 0, 0, 6.09%, 2, 0, 7, 56.11
1712070923, 23, 41, 48, 0, 0, 6.09%, 2, 0, 7, 56.83
1712070928, 23, 45, 48, 0, 0, 6.09%, 2, 0, 7, 56.29
1712070933, 23, 46, 48, 0, 0, 6.09%, 2, 0, 7, 58.89
1712070938, 24, 11, 48, 0, 0, 6.09%, 2, 0, 7, 58.69
1712070943, 24, 16, 48, 0, 0, 6.09%, 2, 0, 7, 53.15
1712070948, 24, 17, 48, 0, 0, 6.09%, 2, 0, 7, 51.48
1712070953, 24, 19, 48, 0, 0, 6.09%, 2, 0, 7, 55.26
1712070958, 24, 20, 48, 0, 0, 6.09%, 2, 0, 7, 53.07
1712070963, 24, 22, 48, 0, 0, 6.09%, 2, 0, 7, 56.04
1712070968, 24, 27, 48, 0, 0, 6.09%, 2, 0, 7, 48.69
1712070973, 24, 30, 48, 0, 0, 6.09%, 2, 0, 7, 45.27
