# unix_time, cycles_done, cur_path, paths_total, pending_total, pending_favs, map_size, unique_crashes, unique_hangs, max_depth, execs_per_sec
1712657145, 0, 0, 9, 9, 7, 5.65%, 0, 0, 1, 16.79
1712657150, 0, 0, 12, 12, 7, 5.70%, 1, 0, 2, 29.58
1712657155, 0, 0, 14, 14, 7, 5.70%, 1, 0, 2, 43.91
1712657160, 0, 0, 15, 15, 7, 5.70%, 1, 0, 2, 62.29
1712657170, 0, 0, 17, 17, 7, 5.74%, 1, 0, 2, 74.94
1712657176, 0, 0, 18, 18, 7, 5.74%, 1, 0, 2, 66.90
1712657181, 0, 0, 21, 21, 7, 5.76%, 1, 0, 2, 61.87
1712657211, 0, 1, 24, 23, 13, 5.76%, 1, 0, 2, 65.68
1712657216, 0, 1, 25, 24, 13, 6.09%, 1, 0, 2, 53.75
1712657222, 0, 2, 25, 23, 13, 6.09%, 1, 0, 2, 92.13
1712657227, 0, 2, 28, 26, 13, 6.09%, 1, 0, 2, 42.94
1712657273, 0, 2, 29, 27, 13, 6.10%, 1, 0, 2, 22.90
1712657303, 0, 2, 30, 28, 13, 6.10%, 1, 0, 2, 53.86
1712657308, 0, 2, 31, 29, 13, 6.10%, 1, 0, 2, 55.01
1712657313, 0, 2, 34, 32, 13, 6.10%, 1, 0, 2, 36.22
1712657324, 0, 6, 34, 31, 12, 6.10%, 1, 0, 2, 108.62
1712657380, 0, 6, 35, 32, 12, 6.10%, 1, 0, 2, 60.70
1712657385, 0, 10, 35, 31, 11, 6.10%, 1, 0, 2, 61.62
1712657390, 0, 10, 37, 33, 11, 6.10%, 1, 0, 3, 64.90
1712657430, 0, 15, 37, 32, 11, 6.10%, 1, 0, 3, 67.61
1712657471, 0, 16, 37, 31, 10, 6.10%, 1, 0, 3, 62.08
1712657517, 0, 17, 37, 30, 9, 6.10%, 1, 0, 3, 72.22
1712657537, 0, 17, 38, 31, 9, 6.10%, 1, 0, 3, 63.28
1712657543, 0, 17, 39, 32, 9, 6.10%, 1, 0, 3, 53.79
1712657573, 0, 18, 39, 31, 8, 6.10%, 1, 0, 3, 71.65
1712657578, 0, 18, 40, 32, 8, 6.11%, 1, 0, 3, 100.81
1712657604, 0, 20, 40, 31, 8, 6.11%, 1, 0, 3, 65.61
1712657624, 0, 21, 40, 30, 7, 6.11%, 1, 0, 3, 76.62
1712657639, 0, 23, 40, 29, 6, 6.11%, 1, 0, 3, 89.58
1712657650, 0, 24, 40, 28, 5, 6.11%, 1, 0, 3, 130.06
1712657660, 0, 26, 40, 27, 4, 6.11%, 1, 0, 3, 120.43
1712657670, 0, 28, 40, 26, 3, 6.11%, 1, 0, 3, 76.22
1712657721, 0, 36, 40, 25, 2, 6.11%, 1, 0, 3, 129.16
1712657762, 0, 39, 40, 24, 1, 6.11%, 1, 0, 3, 79.64
1712657793, 1, 14, 40, 23, 0, 6.11%, 1, 0, 3, 71.75
1712657833, 1, 18, 40, 22, 0, 6.11%, 1, 0, 3, 54.43
1712657838, 1, 19, 40, 22, 0, 6.11%, 1, 0, 3, 65.70
1712657889, 1, 27, 41, 22, 0, 6.11%, 1, 0, 3, 54.63
1712657971, 1, 28, 41, 21, 0, 6.11%, 1, 0, 3, 25.29
1712657976, 1, 32, 41, 21, 0, 6.11%, 1, 0, 3, 165.71
1712657997, 1, 33, 41, 20, 0, 6.11%, 1, 0, 3, 63.74
1712658048, 1, 34, 41, 19, 0, 6.11%, 1, 0, 3, 58.50
1712658104, 2, 8, 41, 18, 0, 6.11%, 1, 0, 3, 52.54
1712658170, 2, 11, 41, 17, 0, 6.11%, 1, 0, 3, 69.02
1712658211, 2, 18, 41, 16, 0, 6.11%, 1, 0, 3, 54.17
1712658216, 2, 43, 45, 20, 1, 100.00%, 5, 0, 3, 332.60
1712658226, 3, 7, 45, 19, 0, 100.00%, 5, 0, 3, 69.67
1712658231, 3, 9, 45, 18, 0, 100.00%, 5, 0, 3, 117.36
1712658298, 3, 31, 45, 17, 0, 100.00%, 5, 0, 3, 78.51
1712658354, 3, 39, 45, 16, 0, 100.00%, 5, 0, 3, 88.65
1712658359, 3, 42, 45, 15, 0, 100.00%, 5, 0, 3, 371.89
1712658364, 4, 3, 45, 14, 0, 100.00%, 5, 0, 3, 52.71
1712658415, 4, 3, 46, 15, 0, 100.00%, 5, 0, 3, 67.64
1712658420, 4, 31, 46, 14, 1, 100.00%, 5, 0, 3, 146.63
1712658425, 4, 45, 46, 14, 1, 100.00%, 5, 0, 3, 91.41
1712658481, 5, 6, 47, 14, 0, 100.00%, 5, 0, 3, 158.06
1712658486, 5, 18, 47, 14, 0, 100.00%, 5, 0, 3, 224.86
1712658491, 5, 28, 47, 14, 0, 100.00%, 5, 0, 3, 251.50
1712658496, 5, 38, 47, 14, 0, 100.00%, 5, 0, 3, 60.82
1712658517, 5, 38, 48, 15, 0, 100.00%, 5, 0, 4, 48.62
1712658547, 5, 45, 48, 14, 0, 100.00%, 5, 0, 4, 209.90
1712658552, 5, 47, 48, 14, 0, 100.00%, 5, 0, 4, 111.89
1712658573, 5, 47, 49, 15, 0, 100.00%, 5, 0, 5, 51.21
1712658578, 5, 47, 50, 16, 0, 100.00%, 5, 0, 5, 54.32
1712658609, 6, 4, 51, 16, 0, 100.00%, 5, 0, 5, 38.35
1712658655, 6, 5, 51, 15, 0, 100.00%, 5, 0, 5, 97.74
1712658711, 6, 6, 51, 14, 0, 100.00%, 5, 0, 5, 155.60
1712658716, 6, 20, 52, 15, 0, 100.00%, 5, 0, 5, 211.61
1712658721, 6, 29, 52, 15, 0, 100.00%, 5, 0, 5, 225.07
1712658808, 6, 35, 52, 14, 0, 100.00%, 5, 0, 5, 209.35
1712658849, 7, 6, 52, 13, 0, 100.00%, 5, 0, 5, 254.64
1712658854, 7, 13, 52, 13, 0, 100.00%, 5, 0, 5, 192.14
1712658879, 7, 18, 52, 12, 0, 100.00%, 5, 0, 5, 231.55
1712658884, 7, 25, 52, 12, 0, 100.00%, 5, 0, 5, 197.97
1712658920, 7, 28, 52, 11, 0, 100.00%, 5, 0, 5, 177.96
1712658925, 7, 49, 53, 12, 0, 100.00%, 5, 0, 6, 203.30
1712658976, 7, 51, 53, 11, 0, 100.00%, 5, 0, 6, 113.29
1712659047, 8, 16, 53, 10, 0, 100.00%, 5, 0, 6, 199.57
1712659052, 8, 22, 53, 10, 0, 100.00%, 5, 0, 6, 233.12
1712659068, 8, 30, 53, 9, 0, 100.00%, 5, 0, 6, 317.33
1712659113, 8, 30, 53, 8, 0, 100.00%, 5, 0, 6, 74.85
1712659129, 8, 39, 53, 8, 0, 100.00%, 5, 0, 6, 269.03
1712659134, 9, 15, 53, 8, 0, 100.00%, 5, 0, 6, 283.33
1712659139, 9, 21, 53, 8, 0, 100.00%, 5, 0, 6, 253.89
1712659144, 9, 37, 53, 8, 0, 100.00%, 5, 0, 6, 233.28
1712659215, 9, 45, 53, 7, 0, 100.00%, 5, 0, 6, 209.88
1712659220, 10, 18, 53, 7, 0, 100.00%, 5, 0, 6, 250.81
1712659225, 10, 25, 53, 7, 0, 100.00%, 5, 0, 6, 295.60
1712659230, 10, 39, 53, 7, 0, 100.00%, 5, 0, 6, 257.04
1712659235, 10, 50, 54, 8, 0, 100.00%, 5, 0, 6, 45.20
1712659241, 10, 50, 55, 9, 0, 100.00%, 5, 0, 6, 71.71
1712659296, 10, 54, 56, 9, 0, 100.00%, 5, 0, 6, 149.97
1712659357, 11, 6, 56, 8, 0, 100.00%, 5, 0, 6, 229.29
1712659363, 11, 12, 56, 8, 0, 100.00%, 5, 0, 6, 120.57
1712659403, 11, 13, 56, 7, 0, 100.00%, 5, 0, 6, 136.56
1712659408, 11, 20, 56, 7, 0, 100.00%, 5, 0, 6, 223.80
1712659413, 11, 28, 56, 7, 0, 100.00%, 5, 0, 6, 252.16
1712659418, 11, 45, 56, 7, 0, 100.00%, 5, 0, 6, 258.67
1712659423, 11, 52, 56, 7, 0, 100.00%, 5, 0, 6, 154.12
1712659469, 11, 53, 56, 6, 0, 100.00%, 5, 0, 6, 184.11
1712659474, 11, 53, 57, 7, 0, 100.00%, 5, 0, 6, 88.20
1712659530, 12, 6, 57, 6, 0, 100.00%, 5, 0, 6, 213.35
1712659535, 12, 15, 57, 6, 0, 100.00%, 5, 0, 6, 268.40
1712659540, 12, 21, 57, 6, 0, 100.00%, 5, 0, 6, 286.50
1712659545, 12, 39, 57, 6, 0, 100.00%, 5, 0, 6, 275.61
1712659550, 12, 56, 57, 6, 0, 100.00%, 5, 0, 6, 168.00
1712659612, 13, 16, 57, 5, 0, 100.00%, 5, 0, 6, 266.80
1712659617, 13, 24, 57, 5, 0, 100.00%, 5, 0, 6, 256.91
1712659622, 13, 43, 57, 5, 0, 100.00%, 5, 0, 6, 270.15
1712659627, 13, 48, 57, 5, 0, 100.00%, 5, 0, 6, 142.98
1712659683, 14, 0, 57, 4, 0, 100.00%, 5, 0, 6, 197.79
1712659688, 14, 17, 57, 4, 0, 100.00%, 5, 0, 6, 248.11
1712659693, 14, 26, 57, 4, 0, 100.00%, 5, 0, 6, 286.54
1712659698, 14, 45, 57, 4, 0, 100.00%, 5, 0, 6, 300.78
1712659703, 14, 55, 58, 5, 0, 100.00%, 5, 0, 7, 152.25
1712659775, 14, 57, 58, 4, 0, 100.00%, 5, 0, 7, 122.16
1712659846, 15, 6, 58, 3, 0, 100.00%, 5, 0, 7, 233.93
1712659851, 15, 20, 58, 3, 0, 100.00%, 5, 0, 7, 249.00
1712659856, 15, 32, 58, 3, 0, 100.00%, 5, 0, 7, 258.15
1712659862, 15, 40, 58, 3, 0, 100.00%, 5, 0, 7, 146.88
1712659918, 15, 43, 58, 2, 0, 100.00%, 5, 0, 7, 178.14
1712659949, 15, 46, 58, 2, 0, 100.00%, 5, 0, 7, 51.53
1712660010, 15, 53, 58, 1, 0, 100.00%, 5, 0, 7, 233.62
1712660015, 16, 16, 58, 1, 0, 100.00%, 5, 0, 7, 282.32
1712660020, 16, 26, 58, 1, 0, 100.00%, 5, 0, 7, 284.85
1712660025, 17, 6, 58, 1, 0, 100.00%, 5, 0, 7, 280.11
1712660031, 17, 18, 58, 1, 0, 100.00%, 5, 0, 7, 291.74
1712660036, 17, 28, 58, 1, 0, 100.00%, 5, 0, 7, 327.70
1712660046, 17, 28, 59, 2, 0, 100.00%, 5, 0, 7, 292.41
1712660081, 18, 6, 59, 1, 0, 100.00%, 5, 0, 7, 304.41
1712660087, 18, 16, 59, 1, 0, 100.00%, 5, 0, 7, 292.59
1712660092, 18, 26, 59, 1, 0, 100.00%, 5, 0, 7, 305.13
1712660097, 18, 48, 59, 1, 0, 100.00%, 5, 0, 7, 290.10
1712660102, 19, 18, 59, 1, 0, 100.00%, 5, 0, 7, 318.72
1712660107, 19, 34, 59, 1, 0, 100.00%, 5, 0, 7, 304.06
1712660112, 19, 55, 59, 1, 0, 100.00%, 5, 0, 7, 298.69
1712660117, 20, 17, 59, 1, 0, 100.00%, 5, 0, 7, 288.15
1712660122, 20, 28, 59, 1, 0, 100.00%, 5, 0, 7, 301.82
1712660127, 20, 49, 59, 1, 0, 100.00%, 5, 0, 7, 296.09
1712660132, 21, 15, 59, 1, 0, 100.00%, 5, 0, 7, 281.12
1712660137, 21, 21, 59, 1, 0, 100.00%, 5, 0, 7, 290.93
1712660142, 21, 39, 59, 1, 0, 100.00%, 5, 0, 7, 299.98
1712660147, 22, 16, 59, 1, 0, 100.00%, 5, 0, 7, 280.04
1712660153, 22, 24, 59, 1, 0, 100.00%, 5, 0, 7, 293.17
1712660158, 22, 36, 59, 1, 0, 100.00%, 5, 0, 7, 338.03
1712660193, 22, 45, 59, 1, 0, 100.00%, 5, 0, 7, 346.43
1712660198, 23, 20, 59, 1, 0, 100.00%, 5, 0, 7, 307.07
1712660204, 23, 35, 59, 1, 0, 100.00%, 5, 0, 7, 287.49
1712660209, 24, 6, 59, 1, 0, 100.00%, 5, 0, 7, 284.72
1712660214, 24, 19, 59, 1, 0, 100.00%, 5, 0, 7, 281.09
1712660224, 24, 24, 60, 2, 0, 100.00%, 5, 0, 7, 262.03
1712660229, 24, 45, 60, 2, 0, 100.00%, 5, 0, 7, 307.87
1712660234, 25, 18, 60, 2, 0, 100.00%, 5, 0, 7, 287.30
1712660239, 25, 28, 60, 2, 0, 100.00%, 5, 0, 7, 286.18
1712660244, 26, 0, 61, 3, 0, 100.00%, 5, 0, 7, 320.83
1712660249, 26, 15, 61, 3, 0, 100.00%, 5, 0, 7, 285.56
1712660254, 26, 24, 61, 3, 0, 100.00%, 5, 0, 7, 296.60
1712660259, 26, 43, 61, 3, 0, 100.00%, 5, 0, 7, 351.57
1712660264, 27, 10, 62, 4, 0, 100.00%, 5, 0, 8, 269.56
1712660270, 27, 20, 62, 4, 0, 100.00%, 5, 0, 8, 283.86
1712660275, 27, 39, 62, 4, 0, 100.00%, 5, 0, 8, 317.62
1712660315, 27, 61, 63, 5, 0, 100.00%, 5, 0, 9, 55.72
1712660392, 27, 62, 63, 4, 0, 100.00%, 5, 0, 9, 154.18
1712660468, 28, 16, 63, 3, 0, 100.00%, 5, 0, 9, 257.96
1712660473, 28, 24, 63, 3, 0, 100.00%, 5, 0, 9, 276.63
1712660478, 28, 45, 63, 3, 0, 100.00%, 5, 0, 9, 304.17
1712660483, 28, 61, 63, 3, 0, 100.00%, 5, 0, 9, 286.40
1712660488, 29, 16, 63, 3, 0, 100.00%, 5, 0, 9, 303.07
1712660493, 29, 26, 63, 3, 0, 100.00%, 5, 0, 9, 316.91
1712660499, 29, 45, 63, 3, 0, 100.00%, 5, 0, 9, 297.61
1712660504, 30, 16, 63, 3, 0, 100.00%, 5, 0, 9, 278.69
1712660509, 30, 26, 63, 3, 0, 100.00%, 5, 0, 9, 305.92
1712660514, 30, 52, 63, 3, 0, 100.00%, 5, 0, 9, 308.36
1712660519, 30, 59, 63, 3, 0, 100.00%, 5, 0, 9, 396.24
1712660529, 31, 17, 63, 2, 0, 100.00%, 5, 0, 9, 353.30
1712660534, 31, 26, 63, 2, 0, 100.00%, 5, 0, 9, 305.30
1712660539, 32, 0, 63, 2, 0, 100.00%, 5, 0, 9, 323.51
1712660544, 32, 18, 63, 2, 0, 100.00%, 5, 0, 9, 303.28
1712660550, 32, 27, 63, 2, 0, 100.00%, 5, 0, 9, 303.30
1712660555, 32, 43, 63, 2, 0, 100.00%, 5, 0, 9, 305.45
1712660560, 33, 18, 63, 2, 0, 100.00%, 5, 0, 9, 298.51
1712660565, 33, 28, 63, 2, 0, 100.00%, 5, 0, 9, 298.00
1712660570, 34, 2, 63, 2, 0, 100.00%, 5, 0, 9, 308.90
1712660575, 34, 15, 64, 3, 0, 100.00%, 5, 0, 9, 226.69
1712660580, 34, 21, 64, 3, 0, 100.00%, 5, 0, 9, 279.54
1712660585, 34, 43, 64, 3, 0, 100.00%, 5, 0, 9, 292.34
1712660590, 34, 60, 64, 3, 0, 100.00%, 5, 0, 9, 416.85
1712660600, 35, 15, 64, 2, 0, 100.00%, 5, 0, 9, 437.83
1712660606, 35, 21, 64, 2, 0, 100.00%, 5, 0, 9, 326.43
1712660611, 35, 39, 64, 2, 0, 100.00%, 5, 0, 9, 325.74
1712660651, 36, 11, 64, 2, 0, 100.00%, 5, 0, 9, 303.06
1712660656, 36, 21, 64, 2, 0, 100.00%, 5, 0, 9, 307.02
1712660661, 36, 36, 64, 2, 0, 100.00%, 5, 0, 9, 279.03
1712660666, 36, 63, 64, 2, 0, 100.00%, 5, 0, 9, 189.57
1712660738, 37, 6, 64, 1, 0, 100.00%, 5, 0, 9, 172.09
1712660743, 37, 16, 64, 1, 0, 100.00%, 5, 0, 9, 247.21
1712660748, 37, 24, 64, 1, 0, 100.00%, 5, 0, 9, 283.22
1712660753, 37, 40, 64, 1, 0, 100.00%, 5, 0, 9, 280.48
1712660758, 38, 3, 64, 1, 0, 100.00%, 5, 0, 9, 288.75
1712660763, 38, 19, 64, 1, 0, 100.00%, 5, 0, 9, 287.80
1712660768, 38, 35, 64, 1, 0, 100.00%, 5, 0, 9, 294.18
1712660774, 38, 49, 64, 1, 0, 100.00%, 5, 0, 9, 310.92
1712660779, 38, 49, 65, 2, 0, 100.00%, 5, 0, 9, 278.01
1712660784, 39, 4, 65, 2, 0, 100.00%, 5, 0, 9, 241.98
1712660789, 39, 20, 65, 2, 0, 100.00%, 5, 0, 9, 285.50
1712660794, 39, 39, 65, 2, 0, 100.00%, 5, 0, 9, 293.48
1712660799, 40, 12, 65, 2, 0, 100.00%, 5, 0, 9, 299.36
1712660804, 40, 20, 65, 2, 0, 100.00%, 5, 0, 9, 328.53
1712660845, 40, 29, 65, 2, 0, 100.00%, 5, 0, 9, 315.96
1712660850, 41, 6, 65, 2, 0, 100.00%, 5, 0, 9, 305.65
1712660855, 41, 20, 65, 2, 0, 100.00%, 5, 0, 9, 277.25
1712660860, 41, 34, 65, 2, 0, 100.00%, 5, 0, 9, 263.93
1712660865, 41, 56, 65, 2, 0, 100.00%, 5, 0, 9, 306.04
1712660870, 42, 12, 65, 2, 0, 100.00%, 5, 0, 9, 338.79
1712660875, 42, 21, 65, 2, 0, 100.00%, 5, 0, 9, 310.73
1712660880, 42, 39, 65, 2, 0, 100.00%, 5, 0, 9, 310.15
1712660885, 43, 15, 65, 2, 0, 100.00%, 5, 0, 9, 284.15
1712660890, 43, 26, 65, 2, 0, 100.00%, 5, 0, 9, 272.99
1712660895, 43, 39, 65, 2, 0, 100.00%, 5, 0, 9, 284.75
1712660900, 43, 58, 65, 2, 0, 100.00%, 5, 0, 9, 276.22
1712660905, 44, 21, 65, 2, 0, 100.00%, 5, 0, 9, 295.01
1712660910, 44, 34, 65, 2, 0, 100.00%, 5, 0, 9, 258.28
1712660916, 44, 58, 65, 2, 0, 100.00%, 5, 0, 9, 286.12
1712660921, 44, 63, 65, 2, 0, 100.00%, 5, 0, 9, 289.95
1712660926, 45, 18, 65, 2, 0, 100.00%, 5, 0, 9, 285.62
1712660931, 45, 28, 65, 2, 0, 100.00%, 5, 0, 9, 271.10
1712660936, 46, 6, 65, 2, 0, 100.00%, 5, 0, 9, 300.77
1712660941, 46, 24, 65, 2, 0, 100.00%, 5, 0, 9, 307.04
1712660946, 46, 39, 65, 2, 0, 100.00%, 5, 0, 9, 286.95
1712660951, 46, 49, 65, 2, 0, 100.00%, 5, 0, 9, 271.02
1712660956, 47, 16, 65, 2, 0, 100.00%, 5, 0, 9, 251.02
1712660961, 47, 24, 65, 2, 0, 100.00%, 5, 0, 9, 267.38
1712660966, 47, 45, 65, 2, 0, 100.00%, 5, 0, 9, 285.07
1712660971, 48, 5, 65, 2, 0, 100.00%, 5, 0, 9, 278.89
1712660976, 48, 16, 65, 2, 0, 100.00%, 5, 0, 9, 257.93
1712660982, 48, 26, 65, 2, 0, 100.00%, 5, 0, 9, 270.27
1712660987, 48, 45, 65, 2, 0, 100.00%, 5, 0, 9, 268.76
1712660992, 49, 15, 65, 2, 0, 100.00%, 5, 0, 9, 249.30
1712660997, 49, 21, 65, 2, 0, 100.00%, 5, 0, 9, 256.47
1712661002, 49, 36, 65, 2, 0, 100.00%, 5, 0, 9, 241.98
1712661007, 49, 56, 65, 2, 0, 100.00%, 5, 0, 9, 276.90
1712661012, 50, 18, 65, 2, 0, 100.00%, 5, 0, 9, 269.13
1712661017, 50, 28, 65, 2, 0, 100.00%, 5, 0, 9, 267.52
1712661022, 50, 43, 65, 2, 0, 100.00%, 5, 0, 9, 282.66
1712661027, 51, 12, 65, 2, 0, 100.00%, 5, 0, 9, 314.58
1712661033, 51, 24, 65, 2, 0, 100.00%, 5, 0, 9, 292.94
1712661038, 51, 45, 65, 2, 0, 100.00%, 5, 0, 9, 297.47
1712661043, 52, 11, 65, 2, 0, 100.00%, 5, 0, 9, 277.41
1712661048, 52, 21, 65, 2, 0, 100.00%, 5, 0, 9, 251.74
1712661053, 52, 36, 65, 2, 0, 100.00%, 5, 0, 9, 250.33
1712661058, 52, 48, 65, 2, 0, 100.00%, 5, 0, 9, 289.73
1712661063, 53, 15, 65, 2, 0, 100.00%, 5, 0, 9, 286.33
1712661068, 53, 26, 65, 2, 0, 100.00%, 5, 0, 9, 291.24
1712661073, 53, 45, 65, 2, 0, 100.00%, 5, 0, 9, 285.91
1712661079, 54, 6, 65, 2, 0, 100.00%, 5, 0, 9, 235.47
1712661084, 54, 19, 65, 2, 0, 100.00%, 5, 0, 9, 266.33
1712661089, 54, 21, 65, 2, 0, 100.00%, 5, 0, 9, 276.48
1712661094, 54, 32, 65, 2, 0, 100.00%, 5, 0, 9, 259.99
1712661099, 54, 50, 65, 2, 0, 100.00%, 5, 0, 9, 265.77
1712661104, 55, 15, 65, 2, 0, 100.00%, 5, 0, 9, 240.48
1712661109, 55, 22, 65, 2, 0, 100.00%, 5, 0, 9, 262.72
1712661114, 55, 36, 65, 2, 0, 100.00%, 5, 0, 9, 248.93
1712661119, 55, 57, 65, 2, 0, 100.00%, 5, 0, 9, 256.06
1712661124, 56, 16, 65, 2, 0, 100.00%, 5, 0, 9, 230.27
1712661130, 56, 24, 65, 2, 0, 100.00%, 5, 0, 9, 262.80
1712661135, 56, 43, 65, 2, 0, 100.00%, 5, 0, 9, 267.40
1712661140, 57, 15, 65, 2, 0, 100.00%, 5, 0, 9, 254.40
1712661145, 57, 24, 65, 2, 0, 100.00%, 5, 0, 9, 245.84
1712661150, 57, 26, 65, 2, 0, 100.00%, 5, 0, 9, 302.71
1712661185, 57, 36, 66, 3, 0, 100.00%, 5, 0, 9, 305.02
1712661190, 57, 58, 66, 3, 0, 100.00%, 5, 0, 9, 256.34
1712661196, 58, 20, 66, 3, 0, 100.00%, 5, 0, 9, 250.17
1712661201, 58, 31, 66, 3, 0, 100.00%, 5, 0, 9, 253.09
1712661206, 58, 58, 66, 3, 0, 100.00%, 5, 0, 9, 268.62
1712661211, 58, 61, 66, 3, 0, 100.00%, 5, 0, 9, 219.70
1712661221, 59, 18, 66, 3, 0, 100.00%, 5, 0, 9, 246.60
1712661226, 59, 27, 66, 3, 0, 100.00%, 5, 0, 9, 267.54
1712661231, 59, 39, 66, 3, 0, 100.00%, 5, 0, 9, 228.00
1712661236, 60, 15, 66, 3, 0, 100.00%, 5, 0, 9, 264.04
1712661241, 60, 21, 66, 3, 0, 100.00%, 5, 0, 9, 260.42
1712661246, 60, 39, 66, 3, 0, 100.00%, 5, 0, 9, 244.12
1712661251, 61, 15, 66, 3, 0, 100.00%, 5, 0, 9, 251.39
1712661257, 61, 24, 66, 3, 0, 100.00%, 5, 0, 9, 265.95
1712661262, 61, 43, 66, 3, 0, 100.00%, 5, 0, 9, 297.88
1712661267, 62, 15, 66, 3, 0, 100.00%, 5, 0, 9, 273.68
1712661272, 62, 26, 66, 3, 0, 100.00%, 5, 0, 9, 270.39
1712661277, 62, 45, 66, 3, 0, 100.00%, 5, 0, 9, 288.90
1712661282, 63, 18, 66, 3, 0, 100.00%, 5, 0, 9, 231.61
1712661287, 63, 24, 66, 3, 0, 100.00%, 5, 0, 9, 235.19
1712661292, 63, 34, 66, 3, 0, 100.00%, 5, 0, 9, 270.87
1712661297, 63, 47, 66, 3, 0, 100.00%, 5, 0, 9, 277.79
1712661302, 63, 62, 66, 3, 0, 100.00%, 5, 0, 9, 239.80
1712661307, 64, 18, 66, 3, 0, 100.00%, 5, 0, 9, 255.49
1712661312, 64, 26, 66, 3, 0, 100.00%, 5, 0, 9, 263.06
1712661318, 64, 58, 66, 3, 0, 100.00%, 5, 0, 9, 281.15
1712661323, 65, 3, 66, 3, 0, 100.00%, 5, 0, 9, 264.06
1712661328, 65, 18, 66, 3, 0, 100.00%, 5, 0, 9, 249.70
1712661333, 65, 36, 66, 3, 0, 100.00%, 5, 0, 9, 255.14
1712661338, 65, 55, 66, 3, 0, 100.00%, 5, 0, 9, 271.78
1712661343, 66, 18, 66, 3, 0, 100.00%, 5, 0, 9, 267.78
1712661348, 66, 28, 66, 3, 0, 100.00%, 5, 0, 9, 266.45
1712661353, 66, 52, 66, 3, 0, 100.00%, 5, 0, 9, 275.30
1712661358, 67, 16, 66, 3, 0, 100.00%, 5, 0, 9, 257.54
1712661363, 67, 27, 66, 3, 0, 100.00%, 5, 0, 9, 277.99
1712661369, 67, 45, 66, 3, 0, 100.00%, 5, 0, 9, 280.18
1712661374, 68, 6, 66, 3, 0, 100.00%, 5, 0, 9, 253.54
1712661379, 68, 15, 66, 3, 0, 100.00%, 5, 0, 9, 271.40
1712661384, 68, 24, 66, 3, 0, 100.00%, 5, 0, 9, 268.62
1712661389, 68, 40, 66, 3, 0, 100.00%, 5, 0, 9, 249.36
1712661394, 68, 62, 66, 3, 0, 100.00%, 5, 0, 9, 262.42
1712661399, 69, 15, 66, 3, 0, 100.00%, 5, 0, 9, 226.99
1712661404, 69, 24, 66, 3, 0, 100.00%, 5, 0, 9, 250.72
1712661409, 69, 36, 66, 3, 0, 100.00%, 5, 0, 9, 257.16
1712661415, 69, 58, 66, 3, 0, 100.00%, 5, 0, 9, 291.04
1712661420, 70, 20, 66, 3, 0, 100.00%, 5, 0, 9, 266.05
1712661425, 70, 28, 66, 3, 0, 100.00%, 5, 0, 9, 271.23
1712661430, 70, 58, 66, 3, 0, 100.00%, 5, 0, 9, 279.86
1712661435, 71, 16, 66, 3, 0, 100.00%, 5, 0, 9, 257.77
1712661440, 71, 26, 66, 3, 0, 100.00%, 5, 0, 9, 268.45
1712661445, 71, 43, 66, 3, 0, 100.00%, 5, 0, 9, 264.75
1712661450, 72, 15, 66, 3, 0, 100.00%, 5, 0, 9, 282.59
1712661455, 72, 24, 66, 3, 0, 100.00%, 5, 0, 9, 262.03
1712661460, 72, 43, 66, 3, 0, 100.00%, 5, 0, 9, 255.51
1712661466, 72, 46, 66, 3, 0, 100.00%, 5, 0, 9, 279.60
1712661471, 72, 62, 66, 3, 0, 100.00%, 5, 0, 9, 242.20
1712661476, 73, 15, 66, 3, 0, 100.00%, 5, 0, 9, 258.29
1712661481, 73, 24, 66, 3, 0, 100.00%, 5, 0, 9, 255.39
1712661486, 73, 45, 66, 3, 0, 100.00%, 5, 0, 9, 280.78
1712661491, 74, 15, 66, 3, 0, 100.00%, 5, 0, 9, 289.95
1712661532, 74, 20, 66, 3, 0, 100.00%, 5, 0, 9, 310.41
1712661537, 74, 27, 66, 3, 0, 100.00%, 5, 0, 9, 272.82
1712661542, 74, 45, 66, 3, 0, 100.00%, 5, 0, 9, 275.27
1712661547, 75, 6, 66, 3, 0, 100.00%, 5, 0, 9, 227.76
1712661552, 75, 20, 66, 3, 0, 100.00%, 5, 0, 9, 255.03
1712661557, 75, 33, 66, 3, 0, 100.00%, 5, 0, 9, 265.43
1712661562, 75, 46, 66, 3, 0, 100.00%, 5, 0, 9, 269.32
1712661567, 76, 12, 66, 3, 0, 100.00%, 5, 0, 9, 255.73
1712661572, 76, 20, 66, 3, 0, 100.00%, 5, 0, 9, 245.94
1712661577, 76, 36, 66, 3, 0, 100.00%, 5, 0, 9, 275.81
1712661582, 76, 63, 66, 3, 0, 100.00%, 5, 0, 9, 260.17
1712661587, 77, 19, 66, 3, 0, 100.00%, 5, 0, 9, 241.39
1712661592, 77, 28, 66, 3, 0, 100.00%, 5, 0, 9, 255.09
1712661598, 77, 45, 66, 3, 0, 100.00%, 5, 0, 9, 280.48
1712661603, 78, 16, 66, 3, 0, 100.00%, 5, 0, 9, 258.69
1712661608, 78, 28, 66, 3, 0, 100.00%, 5, 0, 9, 285.99
1712661613, 78, 45, 66, 3, 0, 100.00%, 5, 0, 9, 262.75
1712661618, 78, 58, 66, 3, 0, 100.00%, 5, 0, 9, 280.42
1712661623, 79, 6, 66, 3, 0, 100.00%, 5, 0, 9, 230.59
1712661628, 79, 21, 66, 3, 0, 100.00%, 5, 0, 9, 252.83
1712661633, 79, 39, 66, 3, 0, 100.00%, 5, 0, 9, 257.38
1712661639, 80, 6, 66, 3, 0, 100.00%, 5, 0, 9, 226.53
1712661644, 80, 20, 66, 3, 0, 100.00%, 5, 0, 9, 246.08
1712661649, 80, 23, 67, 4, 0, 100.00%, 5, 0, 9, 256.64
1712661654, 80, 36, 67, 4, 0, 100.00%, 5, 0, 9, 223.26
1712661659, 80, 58, 67, 4, 0, 100.00%, 5, 0, 9, 249.60
1712661664, 81, 19, 67, 4, 0, 100.00%, 5, 0, 9, 262.63
1712661669, 81, 36, 67, 4, 0, 100.00%, 5, 0, 9, 274.02
1712661674, 81, 57, 67, 4, 0, 100.00%, 5, 0, 9, 266.51
1712661679, 82, 16, 67, 4, 0, 100.00%, 5, 0, 9, 250.02
1712661684, 82, 26, 67, 4, 0, 100.00%, 5, 0, 9, 246.95
1712661690, 82, 43, 67, 4, 0, 100.00%, 5, 0, 9, 255.63
1712661695, 83, 6, 67, 4, 0, 100.00%, 5, 0, 9, 294.27
1712661700, 83, 21, 67, 4, 0, 100.00%, 5, 0, 9, 273.67
1712661705, 83, 24, 67, 4, 0, 100.00%, 5, 0, 9, 295.53
1712661745, 83, 39, 67, 4, 0, 100.00%, 5, 0, 9, 260.74
1712661750, 83, 58, 67, 4, 0, 100.00%, 5, 0, 9, 254.06
1712661755, 84, 18, 67, 4, 0, 100.00%, 5, 0, 9, 242.32
1712661760, 84, 28, 67, 4, 0, 100.00%, 5, 0, 9, 262.54
1712661766, 84, 56, 67, 4, 0, 100.00%, 5, 0, 9, 285.13
1712661771, 84, 58, 67, 4, 0, 100.00%, 5, 0, 9, 307.06
1712661816, 84, 58, 68, 5, 0, 100.00%, 5, 0, 9, 268.13
1712661821, 85, 16, 68, 5, 0, 100.00%, 5, 0, 9, 243.60
1712661826, 85, 26, 68, 5, 0, 100.00%, 5, 0, 9, 259.25
1712661831, 85, 45, 68, 5, 0, 100.00%, 5, 0, 9, 282.98
1712661837, 86, 7, 68, 5, 0, 100.00%, 5, 0, 9, 257.93
1712661842, 86, 18, 68, 5, 0, 100.00%, 5, 0, 9, 256.12
1712661847, 86, 23, 68, 5, 0, 100.00%, 5, 0, 9, 276.80
1712661852, 86, 32, 68, 5, 0, 100.00%, 5, 0, 9, 263.68
1712661857, 86, 58, 68, 5, 0, 100.00%, 5, 0, 9, 269.97
1712661862, 87, 18, 68, 5, 0, 100.00%, 5, 0, 9, 251.02
1712661867, 87, 34, 68, 5, 0, 100.00%, 5, 0, 9, 272.06
1712661872, 87, 56, 68, 5, 0, 100.00%, 5, 0, 9, 238.67
1712661877, 88, 6, 68, 5, 0, 100.00%, 5, 0, 9, 237.17
1712661882, 88, 21, 68, 5, 0, 100.00%, 5, 0, 9, 266.67
1712661887, 88, 39, 68, 5, 0, 100.00%, 5, 0, 9, 240.73
1712661892, 89, 6, 68, 5, 0, 100.00%, 5, 0, 9, 254.43
1712661898, 89, 21, 68, 5, 0, 100.00%, 5, 0, 9, 248.52
1712661938, 89, 26, 69, 6, 0, 100.00%, 5, 0, 9, 283.04
1712661943, 89, 45, 69, 6, 0, 100.00%, 5, 0, 9, 280.46
1712661948, 90, 14, 69, 6, 0, 100.00%, 5, 0, 9, 266.23
1712661953, 90, 24, 69, 6, 0, 100.00%, 5, 0, 9, 297.31
1712661959, 90, 45, 69, 6, 0, 100.00%, 5, 0, 9, 316.14
1712661964, 90, 61, 69, 6, 0, 100.00%, 5, 0, 9, 255.03
1712661969, 91, 16, 69, 6, 0, 100.00%, 5, 0, 9, 263.33
1712661974, 91, 26, 69, 6, 0, 100.00%, 5, 0, 9, 288.75
1712661979, 91, 45, 69, 6, 0, 100.00%, 5, 0, 9, 289.04
1712661984, 92, 6, 69, 6, 0, 100.00%, 5, 0, 9, 267.09
1712661989, 92, 16, 69, 6, 0, 100.00%, 5, 0, 9, 332.14
1712662030, 92, 18, 69, 6, 0, 100.00%, 5, 0, 9, 276.61
1712662035, 92, 36, 69, 6, 0, 100.00%, 5, 0, 9, 276.93
1712662040, 92, 54, 69, 6, 0, 100.00%, 5, 0, 9, 268.43
1712662045, 93, 6, 69, 6, 0, 100.00%, 5, 0, 9, 265.23
1712662050, 93, 20, 69, 6, 0, 100.00%, 5, 0, 9, 266.46
1712662055, 93, 28, 69, 6, 0, 100.00%, 5, 0, 9, 273.14
1712662060, 93, 48, 69, 6, 0, 100.00%, 5, 0, 9, 274.51
1712662065, 94, 15, 69, 6, 0, 100.00%, 5, 0, 9, 261.79
1712662070, 94, 24, 69, 6, 0, 100.00%, 5, 0, 9, 278.32
1712662075, 94, 43, 69, 6, 0, 100.00%, 5, 0, 9, 276.65
1712662081, 94, 66, 69, 6, 0, 100.00%, 5, 0, 9, 195.05
1712662162, 95, 6, 69, 5, 0, 100.00%, 5, 0, 9, 190.44
1712662167, 95, 11, 69, 5, 0, 100.00%, 5, 0, 9, 217.34
1712662172, 95, 20, 69, 5, 0, 100.00%, 5, 0, 9, 233.88
1712662178, 95, 36, 69, 5, 0, 100.00%, 5, 0, 9, 249.90
1712662183, 95, 58, 69, 5, 0, 100.00%, 5, 0, 9, 254.71
1712662188, 96, 18, 69, 5, 0, 100.00%, 5, 0, 9, 243.04
1712662193, 96, 28, 69, 5, 0, 100.00%, 5, 0, 9, 260.05
1712662198, 96, 43, 69, 5, 0, 100.00%, 5, 0, 9, 282.25
1712662229, 96, 45, 69, 5, 0, 100.00%, 5, 0, 9, 363.15
1712662234, 97, 16, 69, 5, 0, 100.00%, 5, 0, 9, 257.42
1712662239, 97, 27, 69, 5, 0, 100.00%, 5, 0, 9, 264.67
1712662244, 97, 45, 69, 5, 0, 100.00%, 5, 0, 9, 284.91
1712662249, 98, 6, 69, 5, 0, 100.00%, 5, 0, 9, 292.75
1712662290, 98, 8, 69, 5, 0, 100.00%, 5, 0, 9, 306.16
1712662295, 98, 24, 69, 5, 0, 100.00%, 5, 0, 9, 273.36
1712662300, 98, 39, 69, 5, 0, 100.00%, 5, 0, 9, 263.35
1712662305, 98, 59, 69, 5, 0, 100.00%, 5, 0, 9, 264.50
1712662310, 99, 20, 69, 5, 0, 100.00%, 5, 0, 9, 265.44
1712662315, 99, 29, 69, 5, 0, 100.00%, 5, 0, 9, 269.71
1712662320, 99, 39, 69, 5, 0, 100.00%, 5, 0, 9, 247.25
1712662325, 100, 15, 69, 5, 0, 100.00%, 5, 0, 9, 264.95
1712662330, 100, 24, 69, 5, 0, 100.00%, 5, 0, 9, 278.70
1712662336, 100, 45, 69, 5, 0, 100.00%, 5, 0, 9, 288.34
1712662341, 100, 62, 69, 5, 0, 100.00%, 5, 0, 9, 240.74
1712662346, 101, 15, 69, 5, 0, 100.00%, 5, 0, 9, 257.43
1712662351, 101, 24, 69, 5, 0, 100.00%, 5, 0, 9, 286.14
1712662356, 101, 45, 69, 5, 0, 100.00%, 5, 0, 9, 285.26
1712662361, 102, 16, 69, 5, 0, 100.00%, 5, 0, 9, 265.26
1712662366, 102, 26, 69, 5, 0, 100.00%, 5, 0, 9, 257.84
1712662371, 102, 36, 69, 5, 0, 100.00%, 5, 0, 9, 278.85
1712662376, 102, 58, 69, 5, 0, 100.00%, 5, 0, 9, 287.95
1712662382, 103, 17, 69, 5, 0, 100.00%, 5, 0, 9, 265.43
1712662387, 103, 26, 69, 5, 0, 100.00%, 5, 0, 9, 290.63
1712662392, 103, 58, 69, 5, 0, 100.00%, 5, 0, 9, 281.63
1712662397, 104, 15, 69, 5, 0, 100.00%, 5, 0, 9, 269.02
1712662402, 104, 24, 69, 5, 0, 100.00%, 5, 0, 9, 235.77
1712662407, 104, 43, 69, 5, 0, 100.00%, 5, 0, 9, 267.11
1712662412, 105, 15, 69, 5, 0, 100.00%, 5, 0, 9, 245.79
1712662417, 105, 24, 69, 5, 0, 100.00%, 5, 0, 9, 252.79
1712662422, 105, 28, 69, 5, 0, 100.00%, 5, 0, 9, 289.32
1712662473, 105, 45, 69, 5, 0, 100.00%, 5, 0, 9, 274.07
1712662478, 106, 7, 69, 5, 0, 100.00%, 5, 0, 9, 280.35
1712662483, 106, 20, 69, 5, 0, 100.00%, 5, 0, 9, 255.27
1712662488, 106, 36, 69, 5, 0, 100.00%, 5, 0, 9, 242.44
1712662493, 106, 60, 69, 5, 0, 100.00%, 5, 0, 9, 286.34
1712662499, 107, 17, 69, 5, 0, 100.00%, 5, 0, 9, 237.44
1712662504, 107, 24, 69, 5, 0, 100.00%, 5, 0, 9, 221.18
1712662509, 107, 43, 69, 5, 0, 100.00%, 5, 0, 9, 253.07
1712662514, 108, 6, 69, 5, 0, 100.00%, 5, 0, 9, 223.41
1712662519, 108, 21, 69, 5, 0, 100.00%, 5, 0, 9, 245.35
1712662524, 108, 24, 69, 5, 0, 100.00%, 5, 0, 9, 279.42
1712662529, 108, 45, 69, 5, 0, 100.00%, 5, 0, 9, 290.08
1712662534, 109, 0, 69, 5, 0, 100.00%, 5, 0, 9, 259.56
1712662539, 109, 18, 69, 5, 0, 100.00%, 5, 0, 9, 249.28
1712662544, 109, 26, 69, 5, 0, 100.00%, 5, 0, 9, 269.12
1712662550, 109, 55, 69, 5, 0, 100.00%, 5, 0, 9, 288.08
1712662560, 110, 20, 69, 5, 0, 100.00%, 5, 0, 9, 278.41
1712662565, 110, 36, 69, 5, 0, 100.00%, 5, 0, 9, 260.33
1712662570, 110, 58, 69, 5, 0, 100.00%, 5, 0, 9, 265.84
1712662575, 111, 18, 69, 5, 0, 100.00%, 5, 0, 9, 288.58
1712662616, 111, 20, 69, 5, 0, 100.00%, 5, 0, 9, 282.80
1712662621, 111, 36, 69, 5, 0, 100.00%, 5, 0, 9, 246.56
1712662626, 111, 58, 69, 5, 0, 100.00%, 5, 0, 9, 241.60
1712662631, 112, 16, 69, 5, 0, 100.00%, 5, 0, 9, 245.10
1712662636, 112, 26, 69, 5, 0, 100.00%, 5, 0, 9, 267.99
1712662641, 112, 45, 69, 5, 0, 100.00%, 5, 0, 9, 283.87
1712662646, 113, 15, 69, 5, 0, 100.00%, 5, 0, 9, 262.75
1712662651, 113, 24, 69, 5, 0, 100.00%, 5, 0, 9, 272.58
1712662656, 113, 45, 69, 5, 0, 100.00%, 5, 0, 9, 280.47
1712662661, 114, 6, 69, 5, 0, 100.00%, 5, 0, 9, 245.74
1712662666, 114, 13, 69, 5, 0, 100.00%, 5, 0, 9, 305.58
1712662672, 114, 21, 69, 5, 0, 100.00%, 5, 0, 9, 266.94
1712662677, 114, 39, 69, 5, 0, 100.00%, 5, 0, 9, 251.77
1712662682, 115, 15, 69, 5, 0, 100.00%, 5, 0, 9, 280.13
1712662687, 115, 24, 69, 5, 0, 100.00%, 5, 0, 9, 276.63
1712662692, 115, 45, 69, 5, 0, 100.00%, 5, 0, 9, 285.09
1712662743, 116, 15, 69, 5, 0, 100.00%, 5, 0, 9, 260.95
1712662748, 116, 24, 69, 5, 0, 100.00%, 5, 0, 9, 248.42
1712662753, 116, 39, 69, 5, 0, 100.00%, 5, 0, 9, 266.19
1712662758, 117, 8, 69, 5, 0, 100.00%, 5, 0, 9, 244.08
1712662763, 117, 19, 69, 5, 0, 100.00%, 5, 0, 9, 248.10
1712662768, 117, 28, 69, 5, 0, 100.00%, 5, 0, 9, 268.39
1712662773, 117, 52, 69, 5, 0, 100.00%, 5, 0, 9, 270.84
1712662778, 118, 13, 69, 5, 0, 100.00%, 5, 0, 9, 240.45
1712662784, 118, 21, 69, 5, 0, 100.00%, 5, 0, 9, 269.13
1712662789, 118, 29, 69, 5, 0, 100.00%, 5, 0, 9, 257.88
1712662794, 118, 43, 69, 5, 0, 100.00%, 5, 0, 9, 282.97
1712662799, 119, 16, 69, 5, 0, 100.00%, 5, 0, 9, 256.51
1712662804, 119, 28, 69, 5, 0, 100.00%, 5, 0, 9, 288.89
1712662809, 119, 58, 69, 5, 0, 100.00%, 5, 0, 9, 254.28
1712662814, 120, 3, 69, 5, 0, 100.00%, 5, 0, 9, 277.56
1712662819, 120, 16, 69, 5, 0, 100.00%, 5, 0, 9, 241.05
1712662824, 120, 26, 69, 5, 0, 100.00%, 5, 0, 9, 262.17
1712662829, 120, 45, 69, 5, 0, 100.00%, 5, 0, 9, 276.69
1712662834, 121, 16, 69, 5, 0, 100.00%, 5, 0, 9, 268.27
1712662839, 121, 26, 69, 5, 0, 100.00%, 5, 0, 9, 274.31
1712662844, 121, 36, 69, 5, 0, 100.00%, 5, 0, 9, 252.62
1712662850, 121, 58, 69, 5, 0, 100.00%, 5, 0, 9, 285.04
1712662855, 122, 18, 69, 5, 0, 100.00%, 5, 0, 9, 261.46
1712662860, 122, 28, 69, 5, 0, 100.00%, 5, 0, 9, 268.80
1712662865, 122, 46, 69, 5, 0, 100.00%, 5, 0, 9, 271.22
1712662870, 123, 16, 69, 5, 0, 100.00%, 5, 0, 9, 250.93
1712662875, 123, 25, 69, 5, 0, 100.00%, 5, 0, 9, 266.27
1712662880, 123, 45, 69, 5, 0, 100.00%, 5, 0, 9, 280.39
1712662885, 124, 15, 69, 5, 0, 100.00%, 5, 0, 9, 277.11
1712662890, 124, 26, 69, 5, 0, 100.00%, 5, 0, 9, 280.68
1712662896, 124, 30, 69, 5, 0, 100.00%, 5, 0, 9, 249.41
1712662901, 125, 6, 69, 5, 0, 100.00%, 5, 0, 9, 257.31
1712662906, 125, 20, 69, 5, 0, 100.00%, 5, 0, 9, 264.55
1712662911, 125, 36, 69, 5, 0, 100.00%, 5, 0, 9, 264.91
1712662916, 125, 58, 69, 5, 0, 100.00%, 5, 0, 9, 254.32
1712662921, 126, 16, 69, 5, 0, 100.00%, 5, 0, 9, 270.08
1712662926, 126, 24, 69, 5, 0, 100.00%, 5, 0, 9, 283.77
1712662931, 126, 45, 69, 5, 0, 100.00%, 5, 0, 9, 296.74
1712662936, 127, 18, 69, 5, 0, 100.00%, 5, 0, 9, 258.66
1712662941, 127, 25, 69, 5, 0, 100.00%, 5, 0, 9, 260.29
1712662946, 127, 45, 69, 5, 0, 100.00%, 5, 0, 9, 286.98
1712662951, 128, 16, 69, 5, 0, 100.00%, 5, 0, 9, 294.79
1712662956, 128, 24, 69, 5, 0, 100.00%, 5, 0, 9, 281.42
1712662962, 128, 39, 69, 5, 0, 100.00%, 5, 0, 9, 267.52
1712662967, 128, 58, 69, 5, 0, 100.00%, 5, 0, 9, 300.44
1712662972, 129, 16, 69, 5, 0, 100.00%, 5, 0, 9, 271.54
1712662977, 129, 24, 69, 5, 0, 100.00%, 5, 0, 9, 280.02
1712662982, 129, 39, 69, 5, 0, 100.00%, 5, 0, 9, 259.16
1712662987, 130, 6, 69, 5, 0, 100.00%, 5, 0, 9, 260.63
1712662992, 130, 18, 69, 5, 0, 100.00%, 5, 0, 9, 269.73
1712662997, 130, 20, 69, 5, 0, 100.00%, 5, 0, 9, 324.41
1712663033, 130, 21, 69, 5, 0, 100.00%, 5, 0, 9, 322.46
1712663038, 130, 36, 69, 5, 0, 100.00%, 5, 0, 9, 254.09
1712663043, 130, 58, 69, 5, 0, 100.00%, 5, 0, 9, 271.39
1712663048, 131, 12, 69, 5, 0, 100.00%, 5, 0, 9, 243.69
1712663053, 131, 21, 69, 5, 0, 100.00%, 5, 0, 9, 265.18
1712663058, 131, 36, 69, 5, 0, 100.00%, 5, 0, 9, 251.18
1712663063, 131, 59, 69, 5, 0, 100.00%, 5, 0, 9, 277.50
1712663068, 132, 16, 69, 5, 0, 100.00%, 5, 0, 9, 268.85
1712663074, 132, 28, 69, 5, 0, 100.00%, 5, 0, 9, 283.50
1712663079, 132, 45, 69, 5, 0, 100.00%, 5, 0, 9, 279.39
1712663084, 133, 15, 69, 5, 0, 100.00%, 5, 0, 9, 266.92
1712663099, 133, 15, 70, 6, 0, 100.00%, 5, 0, 9, 269.15
1712663130, 133, 18, 70, 6, 0, 100.00%, 5, 0, 9, 283.72
1712663135, 133, 36, 70, 6, 0, 100.00%, 5, 0, 9, 274.35
1712663140, 133, 62, 70, 6, 0, 100.00%, 5, 0, 9, 282.27
1712663145, 134, 20, 70, 6, 0, 100.00%, 5, 0, 9, 276.47
1712663150, 134, 28, 70, 6, 0, 100.00%, 5, 0, 9, 265.06
1712663155, 134, 45, 70, 6, 0, 100.00%, 5, 0, 9, 257.05
1712663160, 134, 59, 70, 6, 0, 100.00%, 5, 0, 9, 287.25
1712663165, 135, 16, 70, 6, 0, 100.00%, 5, 0, 9, 275.75
1712663170, 135, 26, 70, 6, 0, 100.00%, 5, 0, 9, 292.53
1712663175, 135, 45, 70, 6, 0, 100.00%, 5, 0, 9, 315.63
1712663180, 136, 7, 70, 6, 0, 100.00%, 5, 0, 9, 272.95
1712663185, 136, 12, 70, 6, 0, 100.00%, 5, 0, 9, 278.35
1712663191, 136, 24, 70, 6, 0, 100.00%, 5, 0, 9, 284.22
1712663196, 136, 43, 70, 6, 0, 100.00%, 5, 0, 9, 302.40
1712663201, 137, 15, 70, 6, 0, 100.00%, 5, 0, 9, 281.36
1712663206, 137, 21, 70, 6, 0, 100.00%, 5, 0, 9, 271.76
1712663211, 137, 36, 70, 6, 0, 100.00%, 5, 0, 9, 257.75
1712663216, 137, 43, 70, 6, 0, 100.00%, 5, 0, 9, 286.31
1712663221, 138, 6, 70, 6, 0, 100.00%, 5, 0, 9, 252.01
1712663226, 138, 20, 70, 6, 0, 100.00%, 5, 0, 9, 263.54
1712663231, 138, 28, 70, 6, 0, 100.00%, 5, 0, 9, 268.80
1712663236, 138, 43, 70, 6, 0, 100.00%, 5, 0, 9, 254.24
1712663241, 138, 66, 70, 6, 0, 100.00%, 5, 0, 9, 254.39
1712663247, 139, 15, 70, 5, 0, 100.00%, 5, 0, 9, 273.74
1712663252, 139, 24, 70, 5, 0, 100.00%, 5, 0, 9, 269.20
1712663257, 139, 39, 70, 5, 0, 100.00%, 5, 0, 9, 258.68
1712663262, 140, 2, 70, 5, 0, 100.00%, 5, 0, 9, 279.24
1712663267, 140, 18, 70, 5, 0, 100.00%, 5, 0, 9, 254.46
1712663272, 140, 28, 70, 5, 0, 100.00%, 5, 0, 9, 277.36
1712663277, 140, 36, 70, 5, 0, 100.00%, 5, 0, 9, 274.21
1712663282, 140, 69, 70, 5, 0, 100.00%, 5, 0, 9, 305.35
1712663287, 141, 16, 70, 5, 0, 100.00%, 5, 0, 9, 287.00
1712663292, 141, 24, 70, 5, 0, 100.00%, 5, 0, 9, 257.24
1712663297, 141, 43, 70, 5, 0, 100.00%, 5, 0, 9, 271.42
1712663302, 141, 61, 70, 5, 0, 100.00%, 5, 0, 9, 274.07
1712663307, 142, 18, 70, 5, 0, 100.00%, 5, 0, 9, 269.83
1712663313, 142, 28, 70, 5, 0, 100.00%, 5, 0, 9, 262.93
1712663318, 142, 49, 70, 5, 0, 100.00%, 5, 0, 9, 265.20
1712663323, 143, 12, 70, 5, 0, 100.00%, 5, 0, 9, 297.60
1712663328, 143, 21, 70, 5, 0, 100.00%, 5, 0, 9, 299.39
1712663333, 143, 39, 70, 5, 0, 100.00%, 5, 0, 9, 261.86
1712663338, 144, 15, 70, 5, 0, 100.00%, 5, 0, 9, 273.68
1712663343, 144, 26, 70, 5, 0, 100.00%, 5, 0, 9, 269.77
1712663348, 144, 45, 70, 5, 0, 100.00%, 5, 0, 9, 260.18
1712663353, 144, 69, 70, 5, 0, 100.00%, 5, 0, 9, 279.15
1712663358, 145, 18, 70, 5, 0, 100.00%, 5, 0, 9, 282.68
1712663363, 145, 36, 70, 5, 0, 100.00%, 5, 0, 9, 273.17
1712663369, 145, 69, 70, 5, 0, 100.00%, 5, 0, 9, 299.41
1712663374, 146, 14, 70, 5, 0, 100.00%, 5, 0, 9, 262.47
1712663379, 146, 24, 70, 5, 0, 100.00%, 5, 0, 9, 291.46
1712663384, 146, 45, 70, 5, 0, 100.00%, 5, 0, 9, 269.12
1712663389, 147, 6, 70, 5, 0, 100.00%, 5, 0, 9, 287.98
1712663394, 147, 24, 70, 5, 0, 100.00%, 5, 0, 9, 293.46
1712663399, 147, 39, 70, 5, 0, 100.00%, 5, 0, 9, 245.54
1712663404, 147, 45, 70, 5, 0, 100.00%, 5, 0, 9, 276.33
1712663450, 148, 6, 72, 7, 0, 100.00%, 5, 0, 9, 273.31
1712663455, 148, 18, 72, 7, 0, 100.00%, 5, 0, 9, 263.14
1712663460, 148, 26, 72, 7, 0, 100.00%, 5, 0, 9, 259.39
1712663465, 148, 58, 72, 7, 0, 100.00%, 5, 0, 9, 249.92
1712663470, 149, 2, 72, 7, 0, 100.00%, 5, 0, 9, 287.75
1712663475, 149, 16, 72, 7, 0, 100.00%, 5, 0, 9, 269.46
1712663480, 149, 26, 72, 7, 0, 100.00%, 5, 0, 9, 259.48
1712663485, 149, 45, 72, 7, 0, 100.00%, 5, 0, 9, 257.46
1712663491, 150, 16, 72, 7, 0, 100.00%, 5, 0, 9, 272.24
1712663496, 150, 24, 72, 7, 0, 100.00%, 5, 0, 9, 266.75
1712663501, 150, 36, 72, 7, 0, 100.00%, 5, 0, 9, 234.77
1712663506, 150, 70, 72, 7, 0, 100.00%, 5, 0, 9, 267.82
1712663511, 151, 6, 72, 6, 0, 100.00%, 5, 0, 9, 346.36
1712663516, 151, 20, 72, 6, 0, 100.00%, 5, 0, 9, 297.08
1712663521, 151, 39, 72, 6, 0, 100.00%, 5, 0, 9, 278.69
1712663526, 151, 69, 72, 6, 0, 100.00%, 5, 0, 9, 310.15
1712663531, 152, 18, 72, 6, 0, 100.00%, 5, 0, 9, 274.47
1712663536, 152, 28, 72, 6, 0, 100.00%, 5, 0, 9, 264.41
1712663541, 152, 58, 72, 6, 0, 100.00%, 5, 0, 9, 256.96
1712663547, 153, 16, 72, 6, 0, 100.00%, 5, 0, 9, 252.14
1712663552, 153, 24, 72, 6, 0, 100.00%, 5, 0, 9, 278.59
1712663557, 153, 39, 72, 6, 0, 100.00%, 5, 0, 9, 240.52
1712663562, 154, 15, 72, 6, 0, 100.00%, 5, 0, 9, 280.59
1712663567, 154, 24, 72, 6, 0, 100.00%, 5, 0, 9, 272.61
1712663572, 154, 39, 72, 6, 0, 100.00%, 5, 0, 9, 273.61
1712663577, 154, 58, 72, 6, 0, 100.00%, 5, 0, 9, 252.94
1712663582, 155, 16, 72, 6, 0, 100.00%, 5, 0, 9, 266.57
1712663587, 155, 28, 72, 6, 0, 100.00%, 5, 0, 9, 272.55
1712663592, 155, 58, 72, 6, 0, 100.00%, 5, 0, 9, 257.89
1712663597, 156, 3, 72, 6, 0, 100.00%, 5, 0, 9, 275.72
1712663603, 156, 15, 72, 6, 0, 100.00%, 5, 0, 9, 269.50
1712663608, 156, 21, 72, 6, 0, 100.00%, 5, 0, 9, 249.39
1712663613, 156, 39, 72, 6, 0, 100.00%, 5, 0, 9, 239.56
1712663618, 157, 6, 72, 6, 0, 100.00%, 5, 0, 9, 274.97
1712663623, 157, 21, 72, 6, 0, 100.00%, 5, 0, 9, 282.26
1712663628, 157, 39, 72, 6, 0, 100.00%, 5, 0, 9, 260.97
1712663633, 158, 6, 72, 6, 0, 100.00%, 5, 0, 9, 281.34
1712663638, 158, 21, 72, 6, 0, 100.00%, 5, 0, 9, 266.62
1712663643, 158, 39, 72, 6, 0, 100.00%, 5, 0, 9, 278.54
1712663648, 158, 61, 72, 6, 0, 100.00%, 5, 0, 9, 226.78
1712663654, 159, 18, 72, 6, 0, 100.00%, 5, 0, 9, 277.62
1712663659, 159, 26, 72, 6, 0, 100.00%, 5, 0, 9, 274.01
1712663664, 159, 45, 72, 6, 0, 100.00%, 5, 0, 9, 240.35
1712663669, 160, 15, 72, 6, 0, 100.00%, 5, 0, 9, 257.81
1712663674, 160, 18, 72, 6, 0, 100.00%, 5, 0, 9, 297.73
1712663714, 160, 20, 73, 7, 0, 100.00%, 5, 0, 9, 278.38
1712663719, 160, 36, 73, 7, 0, 100.00%, 5, 0, 9, 268.59
1712663725, 160, 45, 73, 7, 0, 100.00%, 5, 0, 9, 269.01
1712663730, 161, 15, 73, 7, 0, 100.00%, 5, 0, 9, 276.42
1712663735, 161, 24, 73, 7, 0, 100.00%, 5, 0, 9, 247.04
1712663740, 161, 36, 73, 7, 0, 100.00%, 5, 0, 9, 244.02
1712663745, 161, 52, 73, 7, 0, 100.00%, 5, 0, 9, 256.71
1712663750, 162, 16, 73, 7, 0, 100.00%, 5, 0, 9, 287.27
1712663755, 162, 26, 73, 7, 0, 100.00%, 5, 0, 9, 260.02
1712663760, 162, 58, 73, 7, 0, 100.00%, 5, 0, 9, 252.05
1712663765, 163, 15, 73, 7, 0, 100.00%, 5, 0, 9, 250.78
1712663770, 163, 26, 73, 7, 0, 100.00%, 5, 0, 9, 288.77
1712663775, 163, 45, 73, 7, 0, 100.00%, 5, 0, 9, 260.55
1712663780, 164, 15, 73, 7, 0, 100.00%, 5, 0, 9, 282.30
1712663785, 164, 26, 73, 7, 0, 100.00%, 5, 0, 9, 283.00
1712663790, 164, 36, 73, 7, 0, 100.00%, 5, 0, 9, 248.62
1712663796, 164, 58, 73, 7, 0, 100.00%, 5, 0, 9, 264.82
1712663801, 165, 18, 73, 7, 0, 100.00%, 5, 0, 9, 277.97
1712663806, 165, 28, 73, 7, 0, 100.00%, 5, 0, 9, 275.08
1712663811, 165, 45, 73, 7, 0, 100.00%, 5, 0, 9, 251.76
1712663816, 166, 6, 73, 7, 0, 100.00%, 5, 0, 9, 289.19
1712663821, 166, 21, 73, 7, 0, 100.00%, 5, 0, 9, 257.27
1712663826, 166, 32, 73, 7, 0, 100.00%, 5, 0, 9, 238.63
1712663831, 166, 58, 73, 7, 0, 100.00%, 5, 0, 9, 234.12
1712663836, 167, 12, 73, 7, 0, 100.00%, 5, 0, 9, 278.30
1712663841, 167, 18, 73, 7, 0, 100.00%, 5, 0, 9, 254.14
1712663847, 167, 28, 73, 7, 0, 100.00%, 5, 0, 9, 241.91
1712663852, 167, 57, 73, 7, 0, 100.00%, 5, 0, 9, 240.82
1712663857, 168, 15, 73, 7, 0, 100.00%, 5, 0, 9, 284.85
1712663862, 168, 24, 73, 7, 0, 100.00%, 5, 0, 9, 282.46
1712663867, 168, 40, 73, 7, 0, 100.00%, 5, 0, 9, 268.86
1712663872, 168, 49, 73, 7, 0, 100.00%, 5, 0, 9, 284.00
1712663877, 169, 6, 73, 7, 0, 100.00%, 5, 0, 9, 289.37
1712663882, 169, 21, 73, 7, 0, 100.00%, 5, 0, 9, 296.26
1712663887, 169, 39, 73, 7, 0, 100.00%, 5, 0, 9, 273.80
1712663892, 169, 72, 73, 7, 0, 100.00%, 5, 0, 9, 53.71
1712663968, 170, 16, 73, 6, 0, 100.00%, 5, 0, 9, 202.62
1712663973, 170, 24, 73, 6, 0, 100.00%, 5, 0, 9, 244.88
1712663979, 170, 39, 73, 6, 0, 100.00%, 5, 0, 9, 276.65
1712663984, 171, 6, 73, 6, 0, 100.00%, 5, 0, 9, 304.43
1712663989, 171, 21, 73, 6, 0, 100.00%, 5, 0, 9, 282.71
1712663994, 171, 36, 73, 6, 0, 100.00%, 5, 0, 9, 277.54
1712663999, 171, 58, 73, 6, 0, 100.00%, 5, 0, 9, 254.49
1712664004, 172, 18, 73, 6, 0, 100.00%, 5, 0, 9, 272.93
1712664009, 172, 28, 73, 6, 0, 100.00%, 5, 0, 9, 260.07
1712664014, 172, 51, 73, 6, 0, 100.00%, 5, 0, 9, 236.68
1712664019, 173, 6, 73, 6, 0, 100.00%, 5, 0, 9, 276.14
1712664024, 173, 21, 73, 6, 0, 100.00%, 5, 0, 9, 277.70
1712664029, 173, 39, 73, 6, 0, 100.00%, 5, 0, 9, 275.74
1712664034, 174, 6, 73, 6, 0, 100.00%, 5, 0, 9, 285.32
1712664080, 174, 21, 74, 7, 0, 100.00%, 5, 0, 9, 278.12
1712664085, 174, 36, 74, 7, 0, 100.00%, 5, 0, 9, 256.79
1712664090, 174, 59, 74, 7, 0, 100.00%, 5, 0, 9, 271.00
1712664095, 175, 18, 74, 7, 0, 100.00%, 5, 0, 9, 277.01
1712664100, 175, 26, 74, 7, 0, 100.00%, 5, 0, 9, 271.32
1712664105, 175, 33, 74, 7, 0, 100.00%, 5, 0, 9, 279.53
1712664110, 175, 58, 74, 7, 0, 100.00%, 5, 0, 9, 279.14
1712664116, 176, 18, 74, 7, 0, 100.00%, 5, 0, 9, 275.76
1712664121, 176, 36, 74, 7, 0, 100.00%, 5, 0, 9, 278.19
1712664126, 176, 60, 74, 7, 0, 100.00%, 5, 0, 9, 299.66
1712664131, 177, 15, 74, 6, 0, 100.00%, 5, 0, 9, 278.47
1712664136, 177, 26, 74, 6, 0, 100.00%, 5, 0, 9, 302.42
1712664141, 177, 55, 74, 6, 0, 100.00%, 5, 0, 9, 266.80
1712664146, 178, 6, 74, 6, 0, 100.00%, 5, 0, 9, 284.38
1712664151, 178, 22, 74, 6, 0, 100.00%, 5, 0, 9, 285.57
1712664156, 178, 37, 74, 6, 0, 100.00%, 5, 0, 9, 268.70
1712664161, 179, 6, 74, 6, 0, 100.00%, 5, 0, 9, 298.20
1712664166, 179, 18, 74, 6, 0, 100.00%, 5, 0, 9, 271.82
1712664171, 179, 28, 74, 6, 0, 100.00%, 5, 0, 9, 270.76
1712664177, 179, 40, 74, 6, 0, 100.00%, 5, 0, 9, 249.42
1712664182, 180, 10, 74, 6, 0, 100.00%, 5, 0, 9, 278.15
1712664187, 180, 20, 74, 6, 0, 100.00%, 5, 0, 9, 280.98
1712664192, 180, 33, 74, 6, 0, 100.00%, 5, 0, 9, 270.57
1712664197, 180, 69, 74, 6, 0, 100.00%, 5, 0, 9, 273.06
1712664202, 181, 20, 74, 6, 0, 100.00%, 5, 0, 9, 267.65
1712664207, 181, 28, 74, 6, 0, 100.00%, 5, 0, 9, 272.15
1712664212, 181, 53, 74, 6, 0, 100.00%, 5, 0, 9, 261.01
1712664217, 182, 16, 74, 6, 0, 100.00%, 5, 0, 9, 277.51
1712664222, 182, 20, 74, 6, 0, 100.00%, 5, 0, 9, 334.41
1712664263, 182, 36, 74, 6, 0, 100.00%, 5, 0, 9, 276.92
1712664268, 182, 58, 74, 6, 0, 100.00%, 5, 0, 9, 257.39
1712664273, 183, 16, 74, 6, 0, 100.00%, 5, 0, 9, 294.94
1712664278, 183, 26, 74, 6, 0, 100.00%, 5, 0, 9, 290.93
1712664283, 183, 39, 74, 6, 0, 100.00%, 5, 0, 9, 257.90
1712664288, 183, 47, 74, 6, 0, 100.00%, 5, 0, 9, 271.39
1712664293, 184, 2, 74, 6, 0, 100.00%, 5, 0, 9, 272.16
1712664298, 184, 20, 74, 6, 0, 100.00%, 5, 0, 9, 280.38
1712664303, 184, 29, 74, 6, 0, 100.00%, 5, 0, 9, 261.15
1712664308, 184, 50, 74, 6, 0, 100.00%, 5, 0, 9, 250.33
1712664313, 185, 15, 74, 6, 0, 100.00%, 5, 0, 9, 261.44
1712664319, 185, 24, 74, 6, 0, 100.00%, 5, 0, 9, 276.46
1712664324, 185, 54, 74, 6, 0, 100.00%, 5, 0, 9, 273.60
1712664329, 186, 8, 74, 6, 0, 100.00%, 5, 0, 9, 285.47
1712664334, 186, 21, 74, 6, 0, 100.00%, 5, 0, 9, 266.62
1712664339, 186, 39, 74, 6, 0, 100.00%, 5, 0, 9, 261.91
1712664344, 187, 6, 74, 6, 0, 100.00%, 5, 0, 9, 294.77
1712664349, 187, 21, 74, 6, 0, 100.00%, 5, 0, 9, 274.34
1712664354, 187, 36, 74, 6, 0, 100.00%, 5, 0, 9, 256.56
1712664359, 187, 66, 74, 6, 0, 100.00%, 5, 0, 9, 251.32
1712664364, 188, 16, 74, 6, 0, 100.00%, 5, 0, 9, 239.19
1712664369, 188, 28, 74, 6, 0, 100.00%, 5, 0, 9, 275.32
1712664374, 188, 59, 74, 6, 0, 100.00%, 5, 0, 9, 279.05
1712664379, 189, 7, 74, 6, 0, 100.00%, 5, 0, 9, 310.30
1712664385, 189, 20, 74, 6, 0, 100.00%, 5, 0, 9, 268.07
1712664390, 189, 36, 74, 6, 0, 100.00%, 5, 0, 9, 263.86
1712664395, 190, 6, 74, 6, 0, 100.00%, 5, 0, 9, 283.01
1712664400, 190, 20, 74, 6, 0, 100.00%, 5, 0, 9, 266.52
1712664405, 190, 34, 74, 6, 0, 100.00%, 5, 0, 9, 258.98
1712664410, 190, 39, 74, 6, 0, 100.00%, 5, 0, 9, 249.24
1712664415, 191, 16, 74, 6, 0, 100.00%, 5, 0, 9, 272.18
1712664420, 191, 28, 74, 6, 0, 100.00%, 5, 0, 9, 311.59
1712664425, 191, 50, 74, 6, 0, 100.00%, 5, 0, 9, 277.28
1712664430, 192, 16, 74, 6, 0, 100.00%, 5, 0, 9, 275.90
1712664436, 192, 28, 74, 6, 0, 100.00%, 5, 0, 9, 282.84
1712664441, 192, 60, 74, 6, 0, 100.00%, 5, 0, 9, 274.65
1712664446, 193, 16, 74, 6, 0, 100.00%, 5, 0, 9, 273.13
1712664451, 193, 26, 74, 6, 0, 100.00%, 5, 0, 9, 277.90
1712664456, 193, 58, 74, 6, 0, 100.00%, 5, 0, 9, 255.38
1712664461, 194, 18, 74, 6, 0, 100.00%, 5, 0, 9, 270.18
1712664466, 194, 28, 74, 6, 0, 100.00%, 5, 0, 9, 289.37
1712664471, 194, 45, 74, 6, 0, 100.00%, 5, 0, 9, 346.22
1712664476, 195, 15, 74, 6, 0, 100.00%, 5, 0, 9, 304.48
1712664481, 195, 24, 74, 6, 0, 100.00%, 5, 0, 9, 278.97
1712664486, 195, 43, 74, 6, 0, 100.00%, 5, 0, 9, 299.57
1712664492, 196, 10, 74, 6, 0, 100.00%, 5, 0, 9, 300.14
1712664497, 196, 21, 74, 6, 0, 100.00%, 5, 0, 9, 290.58
1712664502, 196, 43, 74, 6, 0, 100.00%, 5, 0, 9, 319.27
1712664507, 197, 1, 74, 6, 0, 100.00%, 5, 0, 9, 307.24
1712664512, 197, 20, 74, 6, 0, 100.00%, 5, 0, 9, 304.78
1712664517, 197, 21, 74, 6, 0, 100.00%, 5, 0, 9, 339.28
1712664558, 197, 45, 74, 6, 0, 100.00%, 5, 0, 9, 273.89
1712664563, 198, 14, 74, 6, 0, 100.00%, 5, 0, 9, 289.42
1712664568, 198, 24, 74, 6, 0, 100.00%, 5, 0, 9, 287.13
1712664573, 198, 45, 74, 6, 0, 100.00%, 5, 0, 9, 288.82
1712664578, 198, 57, 74, 6, 0, 100.00%, 5, 0, 9, 258.33
1712664583, 199, 15, 74, 6, 0, 100.00%, 5, 0, 9, 275.49
1712664588, 199, 24, 74, 6, 0, 100.00%, 5, 0, 9, 265.09
1712664593, 199, 37, 74, 6, 0, 100.00%, 5, 0, 9, 278.56
1712664599, 199, 58, 74, 6, 0, 100.00%, 5, 0, 9, 256.16
1712664604, 200, 1, 74, 6, 0, 100.00%, 5, 0, 9, 280.13
1712664609, 200, 20, 74, 6, 0, 100.00%, 5, 0, 9, 267.63
1712664614, 200, 36, 74, 6, 0, 100.00%, 5, 0, 9, 271.63
1712664619, 201, 15, 74, 6, 0, 100.00%, 5, 0, 9, 287.48
1712664624, 201, 26, 74, 6, 0, 100.00%, 5, 0, 9, 298.26
1712664629, 201, 28, 74, 6, 0, 100.00%, 5, 0, 9, 316.01
1712664670, 201, 45, 74, 6, 0, 100.00%, 5, 0, 9, 269.25
1712664675, 202, 6, 74, 6, 0, 100.00%, 5, 0, 9, 302.04
1712664680, 202, 24, 74, 6, 0, 100.00%, 5, 0, 9, 282.22
1712664685, 202, 45, 74, 6, 0, 100.00%, 5, 0, 9, 272.27
1712664690, 202, 70, 74, 6, 0, 100.00%, 5, 0, 9, 288.91
1712664695, 203, 18, 74, 6, 0, 100.00%, 5, 0, 9, 284.55
1712664700, 203, 28, 74, 6, 0, 100.00%, 5, 0, 9, 267.65
1712664705, 203, 45, 74, 6, 0, 100.00%, 5, 0, 9, 262.83
1712664710, 204, 8, 74, 6, 0, 100.00%, 5, 0, 9, 268.69
1712664715, 204, 20, 74, 6, 0, 100.00%, 5, 0, 9, 271.51
1712664720, 204, 39, 74, 6, 0, 100.00%, 5, 0, 9, 270.90
1712664726, 204, 58, 74, 6, 0, 100.00%, 5, 0, 9, 261.64
1712664731, 205, 18, 74, 6, 0, 100.00%, 5, 0, 9, 265.49
1712664736, 205, 28, 74, 6, 0, 100.00%, 5, 0, 9, 268.18
1712664741, 205, 58, 74, 6, 0, 100.00%, 5, 0, 9, 256.73
1712664746, 206, 15, 74, 6, 0, 100.00%, 5, 0, 9, 279.99
1712664751, 206, 24, 74, 6, 0, 100.00%, 5, 0, 9, 294.35
1712664756, 206, 41, 74, 6, 0, 100.00%, 5, 0, 9, 294.02
1712664761, 206, 69, 74, 6, 0, 100.00%, 5, 0, 9, 265.02
1712664766, 207, 15, 74, 6, 0, 100.00%, 5, 0, 9, 274.93
1712664771, 207, 24, 74, 6, 0, 100.00%, 5, 0, 9, 280.19
1712664776, 207, 45, 74, 6, 0, 100.00%, 5, 0, 9, 277.52
1712664781, 208, 14, 74, 6, 0, 100.00%, 5, 0, 9, 287.52
1712664786, 208, 15, 74, 6, 0, 100.00%, 5, 0, 9, 299.37
1712664827, 208, 20, 74, 6, 0, 100.00%, 5, 0, 9, 296.94
1712664832, 208, 36, 74, 6, 0, 100.00%, 5, 0, 9, 274.90
1712664837, 209, 6, 74, 6, 0, 100.00%, 5, 0, 9, 282.84
1712664842, 209, 24, 74, 6, 0, 100.00%, 5, 0, 9, 293.43
1712664847, 209, 39, 74, 6, 0, 100.00%, 5, 0, 9, 266.67
1712664852, 209, 52, 74, 6, 0, 100.00%, 5, 0, 9, 290.35
1712664858, 210, 15, 74, 6, 0, 100.00%, 5, 0, 9, 275.57
1712664863, 210, 23, 74, 6, 0, 100.00%, 5, 0, 9, 252.34
1712664868, 210, 39, 74, 6, 0, 100.00%, 5, 0, 9, 264.59
1712664873, 210, 62, 74, 6, 0, 100.00%, 5, 0, 9, 232.13
1712664878, 210, 69, 74, 6, 0, 100.00%, 5, 0, 9, 396.43
1712664904, 211, 15, 74, 6, 0, 100.00%, 5, 0, 9, 394.60
1712664909, 211, 24, 74, 6, 0, 100.00%, 5, 0, 9, 298.57
1712664914, 211, 45, 74, 6, 0, 100.00%, 5, 0, 9, 269.73
1712664919, 212, 16, 74, 6, 0, 100.00%, 5, 0, 9, 268.95
1712664924, 212, 26, 74, 6, 0, 100.00%, 5, 0, 9, 287.59
1712664929, 212, 45, 74, 6, 0, 100.00%, 5, 0, 9, 265.53
1712664934, 213, 15, 74, 6, 0, 100.00%, 5, 0, 9, 283.07
1712664939, 213, 26, 74, 6, 0, 100.00%, 5, 0, 9, 300.55
1712664944, 213, 40, 74, 6, 0, 100.00%, 5, 0, 9, 283.63
1712664950, 213, 58, 74, 6, 0, 100.00%, 5, 0, 9, 283.46
1712664955, 214, 20, 74, 6, 0, 100.00%, 5, 0, 9, 275.00
1712664960, 214, 36, 74, 6, 0, 100.00%, 5, 0, 9, 267.94
1712664965, 214, 69, 74, 6, 0, 100.00%, 5, 0, 9, 269.48
1712664970, 215, 6, 74, 6, 0, 100.00%, 5, 0, 9, 230.37
1712664975, 215, 21, 74, 6, 0, 100.00%, 5, 0, 9, 268.88
1712664980, 215, 39, 74, 6, 0, 100.00%, 5, 0, 9, 275.08
1712664985, 215, 69, 74, 6, 0, 100.00%, 5, 0, 9, 272.50
1712664990, 216, 17, 74, 6, 0, 100.00%, 5, 0, 9, 267.15
1712664995, 216, 27, 74, 6, 0, 100.00%, 5, 0, 9, 267.20
1712665001, 216, 29, 74, 6, 0, 100.00%, 5, 0, 9, 273.42
1712665006, 216, 53, 74, 6, 0, 100.00%, 5, 0, 9, 278.91
1712665011, 217, 6, 74, 6, 0, 100.00%, 5, 0, 9, 282.57
1712665016, 217, 20, 74, 6, 0, 100.00%, 5, 0, 9, 282.56
1712665021, 217, 28, 74, 6, 0, 100.00%, 5, 0, 9, 268.83
1712665026, 218, 6, 74, 6, 0, 100.00%, 5, 0, 9, 306.14
1712665031, 218, 20, 74, 6, 0, 100.00%, 5, 0, 9, 273.48
1712665036, 218, 39, 74, 6, 0, 100.00%, 5, 0, 9, 285.72
1712665041, 219, 9, 74, 6, 0, 100.00%, 5, 0, 9, 303.45
1712665046, 219, 15, 74, 6, 0, 100.00%, 5, 0, 9, 284.79
1712665051, 219, 26, 74, 6, 0, 100.00%, 5, 0, 9, 305.70
1712665056, 219, 58, 74, 6, 0, 100.00%, 5, 0, 9, 268.57
1712665061, 220, 18, 74, 6, 0, 100.00%, 5, 0, 9, 287.06
1712665067, 220, 36, 74, 6, 0, 100.00%, 5, 0, 9, 282.04
1712665107, 220, 39, 74, 6, 0, 100.00%, 5, 0, 9, 292.99
1712665112, 221, 6, 74, 6, 0, 100.00%, 5, 0, 9, 296.02
1712665117, 221, 20, 74, 6, 0, 100.00%, 5, 0, 9, 279.00
1712665123, 221, 36, 74, 6, 0, 100.00%, 5, 0, 9, 279.91
1712665128, 221, 58, 74, 6, 0, 100.00%, 5, 0, 9, 258.03
1712665133, 222, 15, 74, 6, 0, 100.00%, 5, 0, 9, 277.12
1712665138, 222, 24, 74, 6, 0, 100.00%, 5, 0, 9, 276.29
1712665143, 222, 45, 74, 6, 0, 100.00%, 5, 0, 9, 270.02
1712665148, 223, 16, 74, 6, 0, 100.00%, 5, 0, 9, 290.40
1712665194, 223, 24, 74, 6, 0, 100.00%, 5, 0, 9, 278.06
1712665199, 223, 45, 74, 6, 0, 100.00%, 5, 0, 9, 259.41
1712665204, 224, 6, 74, 6, 0, 100.00%, 5, 0, 9, 302.53
1712665209, 224, 20, 74, 6, 0, 100.00%, 5, 0, 9, 285.68
1712665214, 224, 35, 74, 6, 0, 100.00%, 5, 0, 9, 262.49
1712665219, 224, 59, 74, 6, 0, 100.00%, 5, 0, 9, 274.39
1712665224, 225, 18, 74, 6, 0, 100.00%, 5, 0, 9, 275.74
1712665229, 225, 29, 74, 6, 0, 100.00%, 5, 0, 9, 285.11
1712665234, 225, 58, 74, 6, 0, 100.00%, 5, 0, 9, 271.62
1712665240, 226, 6, 74, 6, 0, 100.00%, 5, 0, 9, 330.43
1712665245, 226, 24, 74, 6, 0, 100.00%, 5, 0, 9, 310.61
1712665250, 226, 45, 74, 6, 0, 100.00%, 5, 0, 9, 270.08
1712665255, 227, 15, 74, 6, 0, 100.00%, 5, 0, 9, 278.42
1712665260, 227, 23, 74, 6, 0, 100.00%, 5, 0, 9, 265.66
1712665265, 227, 39, 74, 6, 0, 100.00%, 5, 0, 9, 294.93
1712665270, 228, 15, 74, 6, 0, 100.00%, 5, 0, 9, 303.43
1712665275, 228, 24, 74, 6, 0, 100.00%, 5, 0, 9, 281.43
1712665280, 228, 45, 74, 6, 0, 100.00%, 5, 0, 9, 304.30
1712665286, 228, 50, 74, 6, 0, 100.00%, 5, 0, 9, 256.77
1712665291, 229, 6, 74, 6, 0, 100.00%, 5, 0, 9, 253.84
1712665296, 229, 21, 74, 6, 0, 100.00%, 5, 0, 9, 268.18
1712665301, 229, 39, 74, 6, 0, 100.00%, 5, 0, 9, 265.86
1712665306, 230, 3, 74, 6, 0, 100.00%, 5, 0, 9, 267.97
1712665311, 230, 19, 74, 6, 0, 100.00%, 5, 0, 9, 261.09
1712665316, 230, 28, 74, 6, 0, 100.00%, 5, 0, 9, 278.44
1712665321, 231, 6, 74, 6, 0, 100.00%, 5, 0, 9, 286.26
1712665326, 231, 21, 74, 6, 0, 100.00%, 5, 0, 9, 283.33
1712665331, 231, 30, 74, 6, 0, 100.00%, 5, 0, 9, 252.81
1712665336, 231, 58, 74, 6, 0, 100.00%, 5, 0, 9, 258.06
1712665341, 232, 20, 74, 6, 0, 100.00%, 5, 0, 9, 295.64
1712665347, 232, 36, 74, 6, 0, 100.00%, 5, 0, 9, 284.93
1712665352, 232, 57, 74, 6, 0, 100.00%, 5, 0, 9, 265.93
1712665357, 233, 6, 74, 6, 0, 100.00%, 5, 0, 9, 287.80
1712665362, 233, 20, 74, 6, 0, 100.00%, 5, 0, 9, 293.00
1712665367, 233, 39, 74, 6, 0, 100.00%, 5, 0, 9, 285.31
1712665372, 233, 69, 74, 6, 0, 100.00%, 5, 0, 9, 304.56
1712665377, 234, 10, 74, 6, 0, 100.00%, 5, 0, 9, 289.52
1712665382, 234, 21, 74, 6, 0, 100.00%, 5, 0, 9, 273.55
1712665387, 234, 58, 74, 6, 0, 100.00%, 5, 0, 9, 299.70
1712665392, 235, 18, 74, 6, 0, 100.00%, 5, 0, 9, 272.65
1712665398, 235, 35, 74, 6, 0, 100.00%, 5, 0, 9, 278.43
1712665403, 235, 52, 74, 6, 0, 100.00%, 5, 0, 9, 252.35
1712665408, 236, 6, 74, 6, 0, 100.00%, 5, 0, 9, 271.01
1712665413, 236, 21, 74, 6, 0, 100.00%, 5, 0, 9, 258.86
1712665418, 236, 39, 74, 6, 0, 100.00%, 5, 0, 9, 247.73
1712665423, 237, 6, 74, 6, 0, 100.00%, 5, 0, 9, 276.76
1712665428, 237, 24, 74, 6, 0, 100.00%, 5, 0, 9, 291.12
1712665433, 237, 45, 74, 6, 0, 100.00%, 5, 0, 9, 280.26
1712665438, 237, 69, 74, 6, 0, 100.00%, 5, 0, 9, 266.80
1712665444, 238, 17, 74, 6, 0, 100.00%, 5, 0, 9, 277.76
1712665449, 238, 21, 74, 6, 0, 100.00%, 5, 0, 9, 281.81
1712665454, 238, 45, 74, 6, 0, 100.00%, 5, 0, 9, 269.71
1712665459, 239, 16, 74, 6, 0, 100.00%, 5, 0, 9, 273.61
1712665464, 239, 27, 74, 6, 0, 100.00%, 5, 0, 9, 272.49
1712665469, 239, 49, 74, 6, 0, 100.00%, 5, 0, 9, 252.05
1712665474, 240, 15, 74, 6, 0, 100.00%, 5, 0, 9, 304.19
1712665479, 240, 23, 74, 6, 0, 100.00%, 5, 0, 9, 286.73
1712665484, 240, 39, 74, 6, 0, 100.00%, 5, 0, 9, 276.42
1712665489, 241, 10, 74, 6, 0, 100.00%, 5, 0, 9, 281.85
1712665495, 241, 21, 74, 6, 0, 100.00%, 5, 0, 9, 283.88
1712665500, 241, 39, 74, 6, 0, 100.00%, 5, 0, 9, 280.99
1712665505, 241, 73, 74, 6, 0, 100.00%, 5, 0, 9, 332.12
1712665510, 242, 20, 74, 6, 0, 100.00%, 5, 0, 9, 286.09
1712665515, 242, 24, 74, 6, 0, 100.00%, 5, 0, 9, 321.40
1712665551, 242, 36, 74, 6, 0, 100.00%, 5, 0, 9, 292.40
1712665556, 242, 53, 74, 6, 0, 100.00%, 5, 0, 9, 271.44
1712665561, 243, 18, 74, 6, 0, 100.00%, 5, 0, 9, 292.01
1712665566, 243, 26, 74, 6, 0, 100.00%, 5, 0, 9, 294.38
1712665571, 243, 51, 74, 6, 0, 100.00%, 5, 0, 9, 261.23
1712665576, 244, 16, 74, 6, 0, 100.00%, 5, 0, 9, 260.04
1712665581, 244, 28, 74, 6, 0, 100.00%, 5, 0, 9, 273.16
1712665586, 244, 53, 74, 6, 0, 100.00%, 5, 0, 9, 257.39
1712665591, 245, 4, 74, 6, 0, 100.00%, 5, 0, 9, 269.24
1712665596, 245, 21, 74, 6, 0, 100.00%, 5, 0, 9, 282.37
1712665601, 245, 34, 74, 6, 0, 100.00%, 5, 0, 9, 269.73
1712665606, 245, 66, 74, 6, 0, 100.00%, 5, 0, 9, 261.05
1712665611, 246, 16, 74, 6, 0, 100.00%, 5, 0, 9, 277.39
1712665616, 246, 28, 74, 6, 0, 100.00%, 5, 0, 9, 295.30
1712665621, 246, 39, 74, 6, 0, 100.00%, 5, 0, 9, 254.23
1712665626, 247, 1, 74, 6, 0, 100.00%, 5, 0, 9, 285.88
1712665632, 247, 18, 74, 6, 0, 100.00%, 5, 0, 9, 261.92
1712665637, 247, 36, 74, 6, 0, 100.00%, 5, 0, 9, 262.28
1712665642, 247, 58, 74, 6, 0, 100.00%, 5, 0, 9, 305.88
1712665687, 248, 16, 74, 6, 0, 100.00%, 5, 0, 9, 287.16
1712665693, 248, 26, 74, 6, 0, 100.00%, 5, 0, 9, 308.03
1712665698, 248, 55, 74, 6, 0, 100.00%, 5, 0, 9, 281.15
1712665703, 249, 1, 74, 6, 0, 100.00%, 5, 0, 9, 272.77
1712665708, 249, 20, 74, 6, 0, 100.00%, 5, 0, 9, 280.50
1712665713, 249, 28, 74, 6, 0, 100.00%, 5, 0, 9, 274.63
1712665718, 249, 58, 74, 6, 0, 100.00%, 5, 0, 9, 273.74
1712665723, 250, 15, 74, 6, 0, 100.00%, 5, 0, 9, 261.57
1712665728, 250, 24, 74, 6, 0, 100.00%, 5, 0, 9, 275.97
1712665733, 250, 38, 74, 6, 0, 100.00%, 5, 0, 9, 258.34
1712665739, 250, 58, 74, 6, 0, 100.00%, 5, 0, 9, 268.73
1712665744, 251, 18, 74, 6, 0, 100.00%, 5, 0, 9, 283.72
1712665749, 251, 35, 74, 6, 0, 100.00%, 5, 0, 9, 270.86
1712665754, 251, 58, 74, 6, 0, 100.00%, 5, 0, 9, 261.94
1712665759, 252, 16, 74, 6, 0, 100.00%, 5, 0, 9, 282.92
1712665764, 252, 26, 74, 6, 0, 100.00%, 5, 0, 9, 269.74
1712665769, 252, 46, 74, 6, 0, 100.00%, 5, 0, 9, 281.20
1712665774, 253, 12, 74, 6, 0, 100.00%, 5, 0, 9, 289.15
1712665779, 253, 18, 74, 6, 0, 100.00%, 5, 0, 9, 319.63
1712665820, 253, 28, 74, 6, 0, 100.00%, 5, 0, 9, 265.40
1712665825, 253, 61, 74, 6, 0, 100.00%, 5, 0, 9, 248.06
1712665830, 254, 15, 74, 6, 0, 100.00%, 5, 0, 9, 274.11
1712665835, 254, 26, 74, 6, 0, 100.00%, 5, 0, 9, 279.71
1712665841, 254, 45, 74, 6, 0, 100.00%, 5, 0, 9, 260.66
1712665881, 254, 58, 74, 6, 0, 100.00%, 5, 0, 9, 314.16
1712665887, 255, 15, 74, 6, 0, 100.00%, 5, 0, 9, 280.67
1712665892, 255, 26, 74, 6, 0, 100.00%, 5, 0, 9, 296.95
1712665897, 255, 43, 74, 6, 0, 100.00%, 5, 0, 9, 278.16
1712665902, 255, 72, 74, 6, 0, 100.00%, 5, 0, 9, 277.14
1712665907, 256, 8, 74, 6, 0, 100.00%, 5, 0, 9, 258.28
1712665912, 256, 21, 74, 6, 0, 100.00%, 5, 0, 9, 275.45
1712665917, 256, 29, 74, 6, 0, 100.00%, 5, 0, 9, 277.54
1712665922, 257, 6, 74, 6, 0, 100.00%, 5, 0, 9, 287.17
1712665927, 257, 21, 74, 6, 0, 100.00%, 5, 0, 9, 264.96
1712665932, 257, 36, 74, 6, 0, 100.00%, 5, 0, 9, 268.72
1712665937, 258, 3, 74, 6, 0, 100.00%, 5, 0, 9, 298.54
1712665942, 258, 21, 74, 6, 0, 100.00%, 5, 0, 9, 287.64
1712665947, 258, 37, 74, 6, 0, 100.00%, 5, 0, 9, 259.92
1712665953, 258, 52, 74, 6, 0, 100.00%, 5, 0, 9, 276.45
1712665958, 258, 69, 74, 6, 0, 100.00%, 5, 0, 9, 302.60
1712665963, 259, 17, 74, 6, 0, 100.00%, 5, 0, 9, 293.44
1712665968, 259, 24, 74, 6, 0, 100.00%, 5, 0, 9, 290.41
1712665973, 259, 39, 74, 6, 0, 100.00%, 5, 0, 9, 260.29
1712665978, 259, 69, 74, 6, 0, 100.00%, 5, 0, 9, 276.88
1712665983, 260, 18, 74, 6, 0, 100.00%, 5, 0, 9, 265.09
1712665988, 260, 30, 74, 6, 0, 100.00%, 5, 0, 9, 273.80
1712665993, 260, 53, 74, 6, 0, 100.00%, 5, 0, 9, 264.11
1712665998, 261, 6, 74, 6, 0, 100.00%, 5, 0, 9, 259.12
1712666003, 261, 21, 74, 6, 0, 100.00%, 5, 0, 9, 276.70
1712666009, 261, 32, 74, 6, 0, 100.00%, 5, 0, 9, 271.73
1712666014, 261, 39, 74, 6, 0, 100.00%, 5, 0, 9, 257.58
1712666019, 262, 4, 74, 6, 0, 100.00%, 5, 0, 9, 274.57
1712666024, 262, 21, 74, 6, 0, 100.00%, 5, 0, 9, 280.26
1712666029, 262, 39, 74, 6, 0, 100.00%, 5, 0, 9, 264.08
1712666034, 263, 1, 74, 6, 0, 100.00%, 5, 0, 9, 313.13
1712666039, 263, 20, 74, 6, 0, 100.00%, 5, 0, 9, 262.01
1712666044, 263, 31, 74, 6, 0, 100.00%, 5, 0, 9, 260.50
1712666049, 263, 58, 74, 6, 0, 100.00%, 5, 0, 9, 271.13
1712666054, 264, 12, 74, 6, 0, 100.00%, 5, 0, 9, 286.92
1712666059, 264, 20, 74, 6, 0, 100.00%, 5, 0, 9, 280.99
1712666064, 264, 36, 74, 6, 0, 100.00%, 5, 0, 9, 267.96
1712666070, 264, 69, 74, 6, 0, 100.00%, 5, 0, 9, 267.26
1712666075, 265, 20, 74, 6, 0, 100.00%, 5, 0, 9, 298.05
1712666080, 265, 39, 74, 6, 0, 100.00%, 5, 0, 9, 274.39
1712666121, 265, 47, 74, 6, 0, 100.00%, 5, 0, 9, 310.16
1712666126, 266, 15, 74, 6, 0, 100.00%, 5, 0, 9, 282.22
1712666131, 266, 21, 74, 6, 0, 100.00%, 5, 0, 9, 277.83
1712666136, 266, 45, 74, 6, 0, 100.00%, 5, 0, 9, 277.87
1712666141, 266, 66, 74, 6, 0, 100.00%, 5, 0, 9, 241.90
1712666146, 267, 16, 74, 6, 0, 100.00%, 5, 0, 9, 275.66
1712666151, 267, 28, 74, 6, 0, 100.00%, 5, 0, 9, 274.92
1712666156, 267, 58, 74, 6, 0, 100.00%, 5, 0, 9, 255.56
1712666161, 268, 16, 74, 6, 0, 100.00%, 5, 0, 9, 273.00
1712666167, 268, 21, 74, 6, 0, 100.00%, 5, 0, 9, 301.52
1712666172, 268, 39, 74, 6, 0, 100.00%, 5, 0, 9, 280.35
1712666177, 269, 6, 74, 6, 0, 100.00%, 5, 0, 9, 270.93
1712666182, 269, 21, 74, 6, 0, 100.00%, 5, 0, 9, 288.02
1712666187, 269, 45, 74, 6, 0, 100.00%, 5, 0, 9, 278.15
1712666192, 269, 70, 74, 6, 0, 100.00%, 5, 0, 9, 310.43
1712666197, 270, 18, 74, 6, 0, 100.00%, 5, 0, 9, 272.75
1712666202, 270, 28, 74, 6, 0, 100.00%, 5, 0, 9, 258.30
1712666207, 270, 73, 74, 6, 0, 100.00%, 5, 0, 9, 305.82
1712666212, 271, 18, 74, 6, 0, 100.00%, 5, 0, 9, 275.77
1712666217, 271, 36, 74, 6, 0, 100.00%, 5, 0, 9, 275.55
1712666222, 271, 69, 74, 6, 0, 100.00%, 5, 0, 9, 293.32
1712666228, 272, 18, 74, 6, 0, 100.00%, 5, 0, 9, 285.19
1712666233, 272, 26, 74, 6, 0, 100.00%, 5, 0, 9, 305.99
1712666273, 272, 37, 74, 6, 0, 100.00%, 5, 0, 9, 289.51
1712666279, 272, 66, 74, 6, 0, 100.00%, 5, 0, 9, 257.80
1712666284, 273, 16, 74, 6, 0, 100.00%, 5, 0, 9, 278.49
1712666289, 273, 28, 74, 6, 0, 100.00%, 5, 0, 9, 279.97
1712666294, 273, 53, 74, 6, 0, 100.00%, 5, 0, 9, 265.35
1712666299, 274, 11, 74, 6, 0, 100.00%, 5, 0, 9, 274.21
1712666304, 274, 21, 74, 6, 0, 100.00%, 5, 0, 9, 280.49
1712666309, 274, 36, 74, 6, 0, 100.00%, 5, 0, 9, 253.80
1712666314, 275, 6, 74, 6, 0, 100.00%, 5, 0, 9, 285.15
1712666355, 275, 11, 74, 6, 0, 100.00%, 5, 0, 9, 299.74
1712666360, 275, 20, 74, 6, 0, 100.00%, 5, 0, 9, 289.21
1712666365, 275, 36, 74, 6, 0, 100.00%, 5, 0, 9, 266.82
1712666370, 276, 6, 74, 6, 0, 100.00%, 5, 0, 9, 291.14
1712666375, 276, 20, 74, 6, 0, 100.00%, 5, 0, 9, 276.46
1712666381, 276, 33, 74, 6, 0, 100.00%, 5, 0, 9, 279.13
1712666386, 276, 45, 74, 6, 0, 100.00%, 5, 0, 9, 247.16
1712666391, 277, 16, 74, 6, 0, 100.00%, 5, 0, 9, 278.15
1712666396, 277, 28, 74, 6, 0, 100.00%, 5, 0, 9, 282.29
1712666401, 277, 60, 74, 6, 0, 100.00%, 5, 0, 9, 266.35
1712666406, 278, 20, 74, 6, 0, 100.00%, 5, 0, 9, 291.19
1712666411, 278, 30, 74, 6, 0, 100.00%, 5, 0, 9, 256.86
1712666416, 278, 69, 74, 6, 0, 100.00%, 5, 0, 9, 282.16
1712666422, 279, 13, 74, 6, 0, 100.00%, 5, 0, 9, 301.68
1712666427, 279, 21, 74, 6, 0, 100.00%, 5, 0, 9, 288.55
1712666432, 279, 39, 74, 6, 0, 100.00%, 5, 0, 9, 282.77
1712666437, 280, 16, 74, 6, 0, 100.00%, 5, 0, 9, 287.41
1712666442, 280, 28, 74, 6, 0, 100.00%, 5, 0, 9, 281.22
1712666447, 280, 45, 74, 6, 0, 100.00%, 5, 0, 9, 266.56
1712666452, 281, 16, 74, 6, 0, 100.00%, 5, 0, 9, 283.11
1712666457, 281, 28, 74, 6, 0, 100.00%, 5, 0, 9, 257.68
1712666462, 282, 6, 74, 6, 0, 100.00%, 5, 0, 9, 301.29
1712666468, 282, 24, 74, 6, 0, 100.00%, 5, 0, 9, 300.34
1712666473, 282, 45, 74, 6, 0, 100.00%, 5, 0, 9, 291.36
1712666478, 283, 16, 74, 6, 0, 100.00%, 5, 0, 9, 309.76
1712666483, 283, 20, 74, 6, 0, 100.00%, 5, 0, 9, 325.21
1712666524, 283, 24, 74, 6, 0, 100.00%, 5, 0, 9, 299.55
1712666529, 283, 39, 74, 6, 0, 100.00%, 5, 0, 9, 279.79
1712666534, 284, 16, 74, 6, 0, 100.00%, 5, 0, 9, 269.32
1712666539, 284, 26, 74, 6, 0, 100.00%, 5, 0, 9, 286.11
1712666544, 284, 47, 74, 6, 0, 100.00%, 5, 0, 9, 236.55
1712666549, 285, 6, 74, 6, 0, 100.00%, 5, 0, 9, 267.27
1712666554, 285, 20, 74, 6, 0, 100.00%, 5, 0, 9, 265.63
1712666559, 285, 28, 74, 6, 0, 100.00%, 5, 0, 9, 280.63
1712666564, 286, 0, 74, 6, 0, 100.00%, 5, 0, 9, 289.43
1712666569, 286, 20, 74, 6, 0, 100.00%, 5, 0, 9, 255.06
1712666574, 286, 33, 74, 6, 0, 100.00%, 5, 0, 9, 276.41
1712666579, 287, 6, 74, 6, 0, 100.00%, 5, 0, 9, 272.38
1712666584, 287, 18, 74, 6, 0, 100.00%, 5, 0, 9, 253.57
1712666589, 287, 28, 74, 6, 0, 100.00%, 5, 0, 9, 284.30
1712666595, 287, 58, 74, 6, 0, 100.00%, 5, 0, 9, 258.63
1712666600, 288, 15, 74, 6, 0, 100.00%, 5, 0, 9, 275.04
1712666605, 288, 28, 74, 6, 0, 100.00%, 5, 0, 9, 302.43
1712666610, 288, 54, 74, 6, 0, 100.00%, 5, 0, 9, 284.78
1712666615, 289, 16, 74, 6, 0, 100.00%, 5, 0, 9, 295.21
1712666620, 289, 26, 74, 6, 0, 100.00%, 5, 0, 9, 284.22
1712666625, 289, 51, 74, 6, 0, 100.00%, 5, 0, 9, 257.31
1712666630, 290, 15, 74, 6, 0, 100.00%, 5, 0, 9, 308.62
1712666635, 290, 24, 74, 6, 0, 100.00%, 5, 0, 9, 294.66
1712666640, 290, 45, 74, 6, 0, 100.00%, 5, 0, 9, 298.83
1712666646, 291, 15, 74, 6, 0, 100.00%, 5, 0, 9, 282.14
1712666651, 291, 26, 74, 6, 0, 100.00%, 5, 0, 9, 309.13
1712666656, 291, 38, 74, 6, 0, 100.00%, 5, 0, 9, 277.48
1712666661, 291, 72, 74, 6, 0, 100.00%, 5, 0, 9, 309.98
1712666666, 292, 20, 74, 6, 0, 100.00%, 5, 0, 9, 299.04
1712666671, 292, 39, 74, 6, 0, 100.00%, 5, 0, 9, 283.09
1712666676, 293, 6, 74, 6, 0, 100.00%, 5, 0, 9, 297.63
1712666681, 293, 20, 74, 6, 0, 100.00%, 5, 0, 9, 271.06
1712666686, 293, 28, 74, 6, 0, 100.00%, 5, 0, 9, 250.98
1712666691, 293, 45, 74, 6, 0, 100.00%, 5, 0, 9, 250.55
1712666697, 294, 7, 74, 6, 0, 100.00%, 5, 0, 9, 278.09
1712666702, 294, 18, 74, 6, 0, 100.00%, 5, 0, 9, 278.42
1712666707, 294, 28, 74, 6, 0, 100.00%, 5, 0, 9, 276.97
1712666712, 294, 58, 74, 6, 0, 100.00%, 5, 0, 9, 277.78
1712666717, 295, 6, 74, 6, 0, 100.00%, 5, 0, 9, 253.31
1712666722, 295, 20, 74, 6, 0, 100.00%, 5, 0, 9, 263.84
1712666727, 295, 39, 74, 6, 0, 100.00%, 5, 0, 9, 294.49
1712666732, 295, 62, 74, 6, 0, 100.00%, 5, 0, 9, 293.34
1712666737, 296, 16, 74, 6, 0, 100.00%, 5, 0, 9, 278.64
1712666743, 296, 26, 74, 6, 0, 100.00%, 5, 0, 9, 282.51
1712666748, 296, 56, 74, 6, 0, 100.00%, 5, 0, 9, 270.72
1712666753, 297, 15, 74, 6, 0, 100.00%, 5, 0, 9, 308.78
1712666758, 297, 24, 74, 6, 0, 100.00%, 5, 0, 9, 282.53
1712666763, 297, 43, 74, 6, 0, 100.00%, 5, 0, 9, 273.24
1712666768, 297, 62, 74, 6, 0, 100.00%, 5, 0, 9, 250.11
1712666773, 298, 16, 74, 6, 0, 100.00%, 5, 0, 9, 265.33
1712666778, 298, 21, 74, 6, 0, 100.00%, 5, 0, 9, 312.69
1712666814, 298, 24, 74, 6, 0, 100.00%, 5, 0, 9, 319.57
1712666819, 298, 39, 74, 6, 0, 100.00%, 5, 0, 9, 280.01
1712666824, 298, 66, 74, 6, 0, 100.00%, 5, 0, 9, 245.19
1712666829, 299, 18, 74, 6, 0, 100.00%, 5, 0, 9, 270.55
1712666834, 299, 27, 74, 6, 0, 100.00%, 5, 0, 9, 278.50
1712666839, 299, 48, 74, 6, 0, 100.00%, 5, 0, 9, 251.77
1712666844, 300, 15, 74, 6, 0, 100.00%, 5, 0, 9, 278.46
1712666849, 300, 24, 74, 6, 0, 100.00%, 5, 0, 9, 271.63
1712666854, 300, 39, 74, 6, 0, 100.00%, 5, 0, 9, 258.48
1712666859, 300, 58, 74, 6, 0, 100.00%, 5, 0, 9, 262.76
1712666864, 301, 6, 74, 6, 0, 100.00%, 5, 0, 9, 321.46
1712666869, 301, 20, 74, 6, 0, 100.00%, 5, 0, 9, 279.63
1712666874, 301, 36, 74, 6, 0, 100.00%, 5, 0, 9, 275.92
1712666880, 301, 58, 74, 6, 0, 100.00%, 5, 0, 9, 252.03
1712666885, 302, 16, 74, 6, 0, 100.00%, 5, 0, 9, 266.68
1712666890, 302, 26, 74, 6, 0, 100.00%, 5, 0, 9, 271.30
1712666895, 302, 28, 74, 6, 0, 100.00%, 5, 0, 9, 309.21
1712666935, 302, 45, 74, 6, 0, 100.00%, 5, 0, 9, 285.80
1712666940, 303, 16, 74, 6, 0, 100.00%, 5, 0, 9, 275.72
1712666946, 303, 24, 74, 6, 0, 100.00%, 5, 0, 9, 281.93
1712666951, 303, 45, 74, 6, 0, 100.00%, 5, 0, 9, 281.53
1712666956, 304, 6, 74, 6, 0, 100.00%, 5, 0, 9, 276.32
1712666961, 304, 24, 74, 6, 0, 100.00%, 5, 0, 9, 297.35
1712666966, 304, 45, 74, 6, 0, 100.00%, 5, 0, 9, 269.26
1712666971, 305, 8, 74, 6, 0, 100.00%, 5, 0, 9, 281.52
1712666976, 305, 16, 74, 6, 0, 100.00%, 5, 0, 9, 250.87
1712666981, 305, 26, 74, 6, 0, 100.00%, 5, 0, 9, 306.93
1712666986, 305, 58, 74, 6, 0, 100.00%, 5, 0, 9, 260.50
1712666991, 306, 18, 74, 6, 0, 100.00%, 5, 0, 9, 283.73
1712666996, 306, 28, 74, 6, 0, 100.00%, 5, 0, 9, 278.67
1712667001, 306, 36, 74, 6, 0, 100.00%, 5, 0, 9, 268.91
1712667006, 306, 69, 74, 6, 0, 100.00%, 5, 0, 9, 285.91
1712667012, 307, 20, 74, 6, 0, 100.00%, 5, 0, 9, 295.53
1712667017, 307, 36, 74, 6, 0, 100.00%, 5, 0, 9, 302.30
1712667022, 307, 62, 74, 6, 0, 100.00%, 5, 0, 9, 275.84
1712667027, 308, 6, 74, 6, 0, 100.00%, 5, 0, 9, 286.62
1712667032, 308, 24, 74, 6, 0, 100.00%, 5, 0, 9, 296.66
1712667037, 308, 39, 74, 6, 0, 100.00%, 5, 0, 9, 277.25
1712667042, 309, 15, 74, 6, 0, 100.00%, 5, 0, 9, 299.56
1712667083, 309, 24, 74, 6, 0, 100.00%, 5, 0, 9, 334.88
1712667088, 309, 58, 74, 6, 0, 100.00%, 5, 0, 9, 286.89
1712667093, 310, 19, 74, 6, 0, 100.00%, 5, 0, 9, 315.71
1712667098, 310, 39, 74, 6, 0, 100.00%, 5, 0, 9, 333.20
1712667103, 311, 10, 74, 6, 0, 100.00%, 5, 0, 9, 318.17
1712667108, 311, 20, 74, 6, 0, 100.00%, 5, 0, 9, 304.96
1712667113, 311, 39, 74, 6, 0, 100.00%, 5, 0, 9, 294.10
1712667118, 311, 69, 74, 6, 0, 100.00%, 5, 0, 9, 399.52
1712667144, 312, 13, 74, 6, 0, 100.00%, 5, 0, 9, 404.16
1712667149, 312, 21, 74, 6, 0, 100.00%, 5, 0, 9, 312.31
1712667154, 312, 39, 74, 6, 0, 100.00%, 5, 0, 9, 304.94
1712667159, 313, 6, 74, 6, 0, 100.00%, 5, 0, 9, 327.61
1712667164, 313, 22, 74, 6, 0, 100.00%, 5, 0, 9, 331.70
1712667169, 313, 39, 74, 6, 0, 100.00%, 5, 0, 9, 317.39
1712667174, 314, 6, 74, 6, 0, 100.00%, 5, 0, 9, 323.53
1712667179, 314, 24, 74, 6, 0, 100.00%, 5, 0, 9, 319.92
1712667184, 314, 46, 74, 6, 0, 100.00%, 5, 0, 9, 326.45
1712667189, 314, 58, 74, 6, 0, 100.00%, 5, 0, 9, 298.98
1712667194, 315, 11, 74, 6, 0, 100.00%, 5, 0, 9, 294.03
1712667199, 315, 21, 74, 6, 0, 100.00%, 5, 0, 9, 290.73
1712667205, 315, 39, 74, 6, 0, 100.00%, 5, 0, 9, 289.25
1712667210, 315, 61, 74, 6, 0, 100.00%, 5, 0, 9, 310.92
1712667215, 316, 5, 74, 6, 0, 100.00%, 5, 0, 9, 313.45
1712667220, 316, 20, 74, 6, 0, 100.00%, 5, 0, 9, 313.44
1712667225, 316, 36, 74, 6, 0, 100.00%, 5, 0, 9, 314.51
1712667230, 316, 58, 74, 6, 0, 100.00%, 5, 0, 9, 267.53
1712667235, 317, 20, 74, 6, 0, 100.00%, 5, 0, 9, 296.47
1712667240, 317, 29, 74, 6, 0, 100.00%, 5, 0, 9, 289.79
1712667245, 317, 69, 74, 6, 0, 100.00%, 5, 0, 9, 309.74
1712667250, 318, 20, 74, 6, 0, 100.00%, 5, 0, 9, 271.48
1712667255, 318, 36, 74, 6, 0, 100.00%, 5, 0, 9, 290.87
1712667260, 318, 56, 74, 6, 0, 100.00%, 5, 0, 9, 336.51
1712667266, 319, 13, 74, 6, 0, 100.00%, 5, 0, 9, 315.05
1712667271, 319, 24, 74, 6, 0, 100.00%, 5, 0, 9, 315.15
1712667276, 319, 45, 74, 6, 0, 100.00%, 5, 0, 9, 311.41
1712667281, 320, 9, 74, 6, 0, 100.00%, 5, 0, 9, 296.27
1712667286, 320, 16, 74, 6, 0, 100.00%, 5, 0, 9, 276.70
1712667291, 320, 28, 74, 6, 0, 100.00%, 5, 0, 9, 288.83
1712667296, 320, 45, 74, 6, 0, 100.00%, 5, 0, 9, 303.09
1712667301, 321, 16, 74, 6, 0, 100.00%, 5, 0, 9, 299.19
1712667306, 321, 26, 74, 6, 0, 100.00%, 5, 0, 9, 305.83
1712667311, 321, 36, 74, 6, 0, 100.00%, 5, 0, 9, 326.63
1712667327, 321, 36, 75, 7, 0, 100.00%, 5, 0, 9, 350.57
1712667332, 321, 36, 77, 9, 0, 100.00%, 5, 0, 9, 281.46
1712667352, 322, 4, 77, 9, 0, 100.00%, 5, 0, 9, 316.04
1712667357, 322, 20, 77, 9, 0, 100.00%, 5, 0, 9, 249.70
1712667362, 322, 30, 77, 9, 0, 100.00%, 5, 0, 9, 276.87
1712667367, 322, 60, 77, 9, 0, 100.00%, 5, 0, 9, 287.88
1712667372, 323, 15, 77, 9, 0, 100.00%, 5, 0, 9, 364.10
1712667378, 323, 24, 77, 9, 0, 100.00%, 5, 0, 9, 278.90
1712667383, 323, 45, 77, 9, 0, 100.00%, 5, 0, 9, 275.38
1712667388, 324, 15, 77, 9, 0, 100.00%, 5, 0, 9, 287.00
1712667393, 324, 24, 77, 9, 0, 100.00%, 5, 0, 9, 289.89
1712667398, 324, 39, 77, 9, 0, 100.00%, 5, 0, 9, 258.29
1712667403, 325, 6, 77, 9, 0, 100.00%, 5, 0, 9, 292.02
1712667408, 325, 21, 77, 9, 0, 100.00%, 5, 0, 9, 305.63
1712667413, 325, 31, 77, 9, 0, 100.00%, 5, 0, 9, 277.39
1712667418, 325, 58, 77, 9, 0, 100.00%, 5, 0, 9, 261.99
1712667423, 326, 15, 77, 9, 0, 100.00%, 5, 0, 9, 271.94
1712667428, 326, 24, 77, 9, 0, 100.00%, 5, 0, 9, 273.41
1712667434, 326, 45, 77, 9, 0, 100.00%, 5, 0, 9, 276.57
1712667439, 326, 58, 77, 9, 0, 100.00%, 5, 0, 9, 299.78
1712667444, 327, 20, 77, 9, 0, 100.00%, 5, 0, 9, 290.59
1712667449, 327, 36, 77, 9, 0, 100.00%, 5, 0, 9, 285.45
1712667454, 327, 69, 77, 9, 0, 100.00%, 5, 0, 9, 281.97
1712667459, 328, 15, 77, 9, 0, 100.00%, 5, 0, 9, 282.17
1712667464, 328, 26, 77, 9, 0, 100.00%, 5, 0, 9, 296.03
1712667469, 328, 58, 77, 9, 0, 100.00%, 5, 0, 9, 259.92
1712667474, 329, 16, 77, 9, 0, 100.00%, 5, 0, 9, 302.71
1712667479, 329, 26, 77, 9, 0, 100.00%, 5, 0, 9, 316.59
1712667520, 329, 36, 77, 9, 0, 100.00%, 5, 0, 9, 313.80
1712667525, 330, 15, 77, 9, 0, 100.00%, 5, 0, 9, 319.74
1712667530, 330, 26, 77, 9, 0, 100.00%, 5, 0, 9, 294.51
1712667535, 330, 45, 77, 9, 0, 100.00%, 5, 0, 9, 279.95
1712667540, 331, 2, 77, 9, 0, 100.00%, 5, 0, 9, 277.41
1712667546, 331, 18, 77, 9, 0, 100.00%, 5, 0, 9, 277.48
1712667551, 331, 36, 77, 9, 0, 100.00%, 5, 0, 9, 297.22
1712667556, 332, 6, 77, 8, 0, 100.00%, 5, 0, 9, 300.98
1712667561, 332, 20, 77, 8, 0, 100.00%, 5, 0, 9, 278.48
1712667566, 332, 39, 77, 8, 0, 100.00%, 5, 0, 9, 282.66
1712667571, 333, 15, 77, 8, 0, 100.00%, 5, 0, 9, 295.34
1712667576, 333, 21, 77, 8, 0, 100.00%, 5, 0, 9, 295.22
1712667612, 333, 24, 77, 8, 0, 100.00%, 5, 0, 9, 317.36
1712667617, 333, 38, 77, 8, 0, 100.00%, 5, 0, 9, 256.16
1712667622, 333, 66, 77, 8, 0, 100.00%, 5, 0, 9, 209.09
1712667627, 334, 15, 77, 8, 0, 100.00%, 5, 0, 9, 271.29
1712667632, 334, 21, 77, 8, 0, 100.00%, 5, 0, 9, 267.23
1712667638, 334, 37, 77, 8, 0, 100.00%, 5, 0, 9, 269.53
1712667643, 334, 45, 77, 8, 0, 100.00%, 5, 0, 9, 323.24
1712667689, 334, 73, 77, 8, 0, 100.00%, 5, 0, 9, 315.20
1712667694, 335, 20, 77, 8, 0, 100.00%, 5, 0, 9, 308.99
1712667699, 335, 36, 77, 8, 0, 100.00%, 5, 0, 9, 276.39
1712667704, 335, 58, 77, 8, 0, 100.00%, 5, 0, 9, 256.22
1712667709, 336, 6, 77, 8, 0, 100.00%, 5, 0, 9, 373.32
1712667714, 336, 24, 77, 8, 0, 100.00%, 5, 0, 9, 309.62
1712667719, 336, 39, 77, 8, 0, 100.00%, 5, 0, 9, 286.95
1712667724, 337, 13, 77, 8, 0, 100.00%, 5, 0, 9, 312.21
1712667730, 337, 16, 77, 8, 0, 100.00%, 5, 0, 9, 333.17
1712667770, 337, 25, 77, 8, 0, 100.00%, 5, 0, 9, 291.61
1712667776, 337, 39, 77, 8, 0, 100.00%, 5, 0, 9, 256.55
1712667781, 337, 74, 77, 8, 0, 100.00%, 5, 0, 9, 271.25
1712667786, 338, 20, 77, 8, 0, 100.00%, 5, 0, 9, 276.76
1712667791, 338, 39, 77, 8, 0, 100.00%, 5, 0, 9, 275.37
1712667796, 338, 74, 77, 8, 0, 100.00%, 5, 0, 9, 283.86
1712667801, 339, 18, 77, 8, 0, 100.00%, 5, 0, 9, 272.77
1712667806, 339, 36, 77, 8, 0, 100.00%, 5, 0, 9, 279.34
1712667811, 339, 62, 77, 8, 0, 100.00%, 5, 0, 9, 257.22
1712667816, 340, 20, 77, 8, 0, 100.00%, 5, 0, 9, 298.96
1712667821, 340, 35, 77, 8, 0, 100.00%, 5, 0, 9, 281.99
1712667826, 340, 58, 77, 8, 0, 100.00%, 5, 0, 9, 275.15
1712667832, 341, 11, 77, 8, 0, 100.00%, 5, 0, 9, 283.64
1712667837, 341, 20, 77, 8, 0, 100.00%, 5, 0, 9, 279.33
1712667842, 341, 33, 77, 8, 0, 100.00%, 5, 0, 9, 277.01
1712667847, 341, 58, 77, 8, 0, 100.00%, 5, 0, 9, 263.26
1712667852, 342, 16, 77, 8, 0, 100.00%, 5, 0, 9, 285.49
1712667857, 342, 26, 77, 8, 0, 100.00%, 5, 0, 9, 284.33
1712667862, 342, 39, 77, 8, 0, 100.00%, 5, 0, 9, 278.29
1712667867, 343, 6, 77, 8, 0, 100.00%, 5, 0, 9, 316.50
1712667872, 343, 21, 77, 8, 0, 100.00%, 5, 0, 9, 276.91
1712667877, 343, 45, 77, 8, 0, 100.00%, 5, 0, 9, 285.16
1712667882, 344, 16, 77, 8, 0, 100.00%, 5, 0, 9, 323.71
1712667887, 344, 22, 77, 8, 0, 100.00%, 5, 0, 9, 307.88
1712667893, 344, 37, 77, 8, 0, 100.00%, 5, 0, 9, 272.05
1712667898, 344, 74, 77, 8, 0, 100.00%, 5, 0, 9, 281.73
1712667903, 345, 6, 77, 8, 0, 100.00%, 5, 0, 9, 321.94
