# unix_time, cycles_done, cur_path, paths_total, pending_total, pending_favs, map_size, unique_crashes, unique_hangs, max_depth, execs_per_sec
1712443282, 0, 0, 1, 1, 1, 0.01%, 0, 0, 1, 380.95
1712443287, 55, 0, 1, 0, 0, 0.01%, 0, 0, 1, 2807.50
1712443292, 119, 0, 1, 0, 0, 0.01%, 0, 0, 1, 3106.69
1712443298, 182, 0, 1, 0, 0, 0.01%, 0, 0, 1, 3089.82
1712443303, 200, 1, 3, 2, 1, 0.01%, 0, 0, 3, 3128.02
1712443308, 200, 2, 4, 2, 0, 0.01%, 0, 0, 3, 3129.51
1712443313, 201, 2, 4, 0, 0, 0.01%, 0, 0, 3, 3147.08
1712443318, 202, 2, 4, 0, 0, 0.01%, 0, 0, 3, 3127.90
1712443323, 204, 1, 4, 0, 0, 0.01%, 0, 0, 3, 3156.43
1712443328, 205, 1, 4, 0, 0, 0.01%, 0, 0, 3, 3154.83
1712443333, 206, 2, 4, 0, 0, 0.01%, 0, 0, 3, 3128.03
1712443338, 207, 3, 4, 0, 0, 0.01%, 0, 0, 3, 3119.51
1712443343, 209, 1, 4, 0, 0, 0.01%, 0, 0, 3, 3136.62
1712443348, 210, 2, 4, 0, 0, 0.01%, 0, 0, 3, 3138.26
1712443353, 211, 3, 4, 0, 0, 0.01%, 0, 0, 3, 3161.59
1712443358, 213, 1, 4, 0, 0, 0.01%, 0, 0, 3, 3148.86
1712443363, 214, 2, 4, 0, 0, 0.01%, 0, 0, 3, 3141.00
1712443368, 215, 3, 4, 0, 0, 0.01%, 0, 0, 3, 3145.73
1712443373, 217, 1, 4, 0, 0, 0.01%, 0, 0, 3, 3140.29
1712443378, 218, 2, 4, 0, 0, 0.01%, 0, 0, 3, 3060.35
1712443384, 219, 2, 4, 0, 0, 0.01%, 0, 0, 3, 3098.84
1712443389, 221, 0, 4, 0, 0, 0.01%, 0, 0, 3, 3142.65
1712443394, 222, 1, 4, 0, 0, 0.01%, 0, 0, 3, 2985.35
1712443399, 223, 2, 4, 0, 0, 0.01%, 0, 0, 3, 3061.21
1712443404, 224, 3, 4, 0, 0, 0.01%, 0, 0, 3, 3090.20
1712443409, 226, 1, 4, 0, 0, 0.01%, 0, 0, 3, 3080.13
1712443414, 227, 2, 4, 0, 0, 0.01%, 0, 0, 3, 3095.34
1712443419, 228, 2, 4, 0, 0, 0.01%, 0, 0, 3, 3099.07
1712443424, 230, 0, 4, 0, 0, 0.01%, 0, 0, 3, 3079.07
1712443429, 231, 1, 4, 0, 0, 0.01%, 0, 0, 3, 3149.69
