# unix_time, cycles_done, cur_path, paths_total, pending_total, pending_favs, map_size, unique_crashes, unique_hangs, max_depth, execs_per_sec
1713069034, 0, 0, 9, 9, 7, 5.65%, 0, 0, 1, 0.00
1713069039, 0, 1, 18, 18, 7, 6.05%, 1, 0, 2, 131.33
1713069044, 0, 1, 19, 19, 7, 6.05%, 1, 0, 2, 51.02
1713069055, 0, 2, 23, 22, 11, 6.06%, 1, 0, 2, 63.44
1713069070, 0, 2, 25, 24, 11, 6.08%, 1, 0, 2, 74.39
1713069075, 0, 2, 26, 25, 11, 6.09%, 1, 0, 2, 54.99
1713069080, 0, 2, 27, 26, 11, 6.10%, 1, 0, 2, 46.81
1713069100, 0, 2, 28, 27, 11, 6.10%, 1, 0, 2, 83.14
1713069105, 0, 2, 30, 29, 11, 6.10%, 1, 0, 2, 55.72
1713069110, 0, 3, 31, 29, 14, 6.10%, 1, 0, 2, 57.34
1713069156, 0, 3, 33, 31, 14, 6.36%, 1, 0, 2, 67.98
1713069161, 0, 6, 33, 30, 14, 6.36%, 1, 0, 2, 73.48
1713069207, 0, 9, 33, 29, 13, 6.36%, 1, 0, 2, 71.01
1713069222, 0, 13, 33, 28, 12, 6.36%, 1, 0, 2, 47.15
1713069227, 0, 13, 34, 29, 12, 6.36%, 1, 0, 3, 500.00
1713069232, 0, 14, 34, 28, 11, 6.36%, 1, 0, 3, 59.51
1713069248, 0, 16, 34, 27, 10, 6.36%, 1, 0, 3, 49.78
1713069258, 0, 17, 34, 26, 9, 6.36%, 1, 0, 3, 60.87
1713069263, 0, 17, 35, 27, 9, 6.36%, 1, 0, 3, 49.11
1713069273, 0, 21, 35, 26, 9, 6.36%, 1, 0, 3, 71.48
1713069313, 0, 23, 36, 26, 8, 6.36%, 1, 0, 3, 70.00
1713069349, 0, 24, 36, 25, 7, 6.36%, 1, 0, 3, 63.64
1713069395, 0, 25, 36, 24, 6, 6.36%, 1, 0, 3, 70.26
1713069406, 0, 25, 37, 25, 6, 6.36%, 1, 0, 3, 65.19
1713069426, 0, 26, 37, 24, 6, 6.36%, 1, 0, 3, 65.87
1713069472, 0, 30, 37, 23, 5, 6.36%, 1, 0, 3, 69.75
1713069513, 0, 31, 37, 22, 4, 6.36%, 1, 0, 3, 64.89
1713069564, 0, 33, 37, 21, 3, 6.36%, 1, 0, 3, 100.93
1713069579, 0, 34, 37, 20, 2, 6.36%, 1, 0, 3, 53.03
1713069589, 0, 36, 38, 20, 1, 6.36%, 1, 0, 4, 59.33
1713069614, 1, 4, 38, 19, 0, 6.36%, 1, 0, 4, 64.00
1713069665, 1, 5, 38, 18, 0, 6.36%, 1, 0, 4, 70.43
1713069691, 1, 10, 38, 17, 0, 6.36%, 1, 0, 4, 80.40
1713069706, 1, 20, 38, 16, 0, 6.36%, 1, 0, 4, 61.77
1713069736, 1, 22, 38, 15, 0, 6.36%, 1, 0, 4, 72.72
1713069792, 1, 33, 38, 14, 0, 6.36%, 1, 0, 4, 51.82
1713069797, 2, 0, 38, 14, 0, 6.36%, 1, 0, 4, 59.48
1713069818, 2, 0, 39, 15, 0, 6.36%, 1, 0, 4, 64.75
1713069823, 2, 0, 40, 16, 0, 6.36%, 1, 0, 4, 51.04
1713069843, 2, 0, 41, 17, 0, 6.36%, 1, 0, 4, 96.86
1713069864, 2, 3, 41, 16, 0, 6.36%, 1, 0, 4, 62.73
1713069869, 2, 6, 41, 16, 0, 6.36%, 1, 0, 4, 54.90
1713069874, 2, 9, 41, 16, 0, 6.36%, 1, 0, 4, 53.63
1713069879, 2, 16, 41, 16, 0, 6.36%, 1, 0, 4, 59.09
1713069884, 2, 18, 41, 16, 0, 6.36%, 1, 0, 4, 72.39
1713069899, 2, 24, 41, 15, 0, 6.36%, 1, 0, 4, 58.38
1713069904, 2, 25, 42, 16, 0, 6.36%, 2, 0, 4, 372.87
1713069910, 2, 26, 43, 17, 0, 100.00%, 4, 0, 4, 248.03
1713069915, 2, 27, 43, 17, 0, 100.00%, 4, 0, 4, 113.84
1713069951, 2, 27, 44, 18, 0, 100.00%, 4, 0, 4, 118.10
1713069966, 2, 28, 44, 17, 0, 100.00%, 4, 0, 4, 100.18
1713070001, 2, 30, 44, 16, 0, 100.00%, 4, 0, 4, 161.55
1713070006, 2, 36, 44, 16, 0, 100.00%, 4, 0, 4, 247.60
1713070011, 2, 38, 44, 16, 0, 100.00%, 4, 0, 4, 116.75
1713070067, 2, 39, 44, 15, 0, 100.00%, 4, 0, 4, 134.14
1713070124, 2, 43, 44, 14, 0, 100.00%, 4, 0, 4, 139.10
1713070170, 3, 7, 44, 13, 0, 100.00%, 4, 0, 4, 197.43
1713070180, 3, 19, 44, 12, 0, 100.00%, 4, 0, 4, 258.66
1713070226, 3, 24, 44, 11, 0, 100.00%, 4, 0, 4, 173.08
1713070231, 3, 32, 44, 11, 0, 100.00%, 4, 0, 4, 161.04
1713070272, 3, 36, 44, 10, 0, 100.00%, 4, 0, 4, 237.09
1713070277, 3, 37, 45, 11, 0, 100.00%, 4, 0, 5, 164.54
1713070297, 4, 16, 45, 10, 0, 100.00%, 4, 0, 5, 279.05
1713070302, 4, 33, 45, 10, 0, 100.00%, 4, 0, 5, 268.26
1713070307, 5, 3, 45, 10, 0, 100.00%, 4, 0, 5, 284.16
1713070312, 5, 26, 45, 10, 0, 100.00%, 4, 0, 5, 292.07
1713070318, 5, 35, 45, 10, 0, 100.00%, 4, 0, 5, 64.97
1713070343, 5, 42, 45, 9, 0, 100.00%, 4, 0, 5, 169.76
1713070353, 6, 3, 45, 8, 0, 100.00%, 4, 0, 5, 236.99
1713070359, 6, 15, 45, 8, 0, 100.00%, 4, 0, 5, 254.45
1713070369, 6, 24, 45, 7, 0, 100.00%, 4, 0, 5, 319.59
1713070374, 6, 34, 45, 7, 0, 100.00%, 4, 0, 5, 297.26
1713070379, 6, 41, 45, 7, 0, 100.00%, 4, 0, 5, 454.37
1713070384, 6, 44, 45, 6, 0, 100.00%, 4, 0, 5, 486.98
1713070389, 6, 44, 46, 7, 0, 100.00%, 4, 0, 6, 58.98
1713070405, 7, 2, 46, 6, 0, 100.00%, 9, 0, 6, 238.08
1713070410, 7, 9, 47, 7, 0, 100.00%, 9, 0, 6, 279.95
1713070415, 7, 12, 47, 7, 0, 100.00%, 9, 0, 6, 147.42
1713070425, 7, 27, 47, 6, 0, 100.00%, 9, 0, 6, 249.65
1713070430, 7, 36, 47, 6, 0, 100.00%, 9, 0, 6, 284.68
1713070435, 8, 8, 47, 6, 0, 100.00%, 9, 0, 6, 198.95
1713070496, 8, 24, 47, 5, 0, 100.00%, 9, 0, 6, 232.10
1713070501, 8, 33, 47, 5, 0, 100.00%, 9, 0, 6, 270.32
1713070506, 9, 9, 48, 6, 0, 100.00%, 9, 0, 6, 322.66
1713070512, 9, 9, 48, 6, 0, 100.00%, 13, 0, 6, 307.59
1713070517, 9, 9, 48, 6, 0, 100.00%, 16, 0, 6, 338.76
1713070522, 9, 9, 48, 6, 0, 100.00%, 17, 0, 6, 319.41
1713070532, 9, 9, 48, 6, 0, 100.00%, 20, 0, 6, 334.02
1713070542, 9, 9, 48, 6, 0, 100.00%, 21, 0, 6, 334.35
1713070547, 9, 48, 49, 7, 1, 100.00%, 21, 0, 6, 418.93
1713070552, 10, 16, 49, 6, 0, 100.00%, 21, 0, 6, 332.50
1713070558, 10, 29, 49, 6, 0, 100.00%, 21, 0, 6, 70.91
1713070578, 10, 33, 49, 5, 0, 100.00%, 21, 0, 6, 253.35
1713070583, 10, 40, 49, 5, 0, 100.00%, 21, 0, 6, 268.72
1713070634, 10, 47, 49, 4, 0, 100.00%, 21, 0, 6, 372.80
1713070639, 11, 9, 49, 3, 0, 100.00%, 21, 0, 6, 334.76
1713070644, 11, 20, 49, 3, 0, 100.00%, 21, 0, 6, 323.84
1713070649, 11, 32, 49, 3, 0, 100.00%, 21, 0, 6, 288.63
1713070654, 12, 6, 49, 3, 0, 100.00%, 21, 0, 6, 318.87
1713070660, 12, 26, 49, 3, 0, 100.00%, 21, 0, 6, 304.12
1713070665, 12, 36, 49, 3, 0, 100.00%, 21, 0, 6, 295.72
1713070670, 13, 14, 49, 3, 0, 100.00%, 21, 0, 6, 316.88
1713070675, 13, 26, 49, 3, 0, 100.00%, 21, 0, 6, 278.77
1713070680, 13, 45, 49, 3, 0, 100.00%, 21, 0, 6, 55.24
1713070711, 14, 14, 49, 2, 0, 100.00%, 21, 0, 6, 324.13
1713070716, 14, 31, 49, 2, 0, 100.00%, 21, 0, 6, 293.82
1713070721, 15, 4, 49, 2, 0, 100.00%, 21, 0, 6, 311.90
1713070726, 15, 24, 49, 2, 0, 100.00%, 21, 0, 6, 305.67
1713070731, 15, 34, 49, 2, 0, 100.00%, 21, 0, 6, 323.56
1713070736, 16, 6, 49, 2, 0, 100.00%, 21, 0, 6, 297.55
1713070741, 16, 29, 49, 2, 0, 100.00%, 21, 0, 6, 303.30
1713070746, 16, 36, 49, 2, 0, 100.00%, 21, 0, 6, 303.08
1713070751, 17, 13, 49, 2, 0, 100.00%, 21, 0, 6, 315.35
1713070756, 17, 24, 49, 2, 0, 100.00%, 21, 0, 6, 282.74
1713070761, 17, 36, 49, 2, 0, 100.00%, 21, 0, 6, 304.82
1713070766, 18, 14, 49, 2, 0, 100.00%, 21, 0, 6, 293.57
1713070772, 18, 31, 49, 2, 0, 100.00%, 21, 0, 6, 290.23
1713070777, 19, 6, 49, 2, 0, 100.00%, 21, 0, 6, 327.06
1713070782, 19, 24, 49, 2, 0, 100.00%, 21, 0, 6, 298.04
1713070828, 19, 33, 50, 3, 0, 100.00%, 21, 0, 6, 311.65
1713070833, 20, 6, 50, 3, 0, 100.00%, 21, 0, 6, 343.11
1713070838, 20, 26, 50, 3, 0, 100.00%, 21, 0, 6, 319.78
1713070843, 20, 36, 50, 3, 0, 100.00%, 21, 0, 6, 278.60
1713070848, 21, 9, 50, 3, 0, 100.00%, 21, 0, 6, 315.43
1713070853, 21, 11, 50, 3, 0, 100.00%, 21, 0, 6, 51.27
1713070863, 21, 25, 50, 2, 0, 100.00%, 21, 0, 6, 281.28
1713070869, 21, 33, 50, 2, 0, 100.00%, 21, 0, 6, 306.82
1713070874, 22, 6, 50, 2, 0, 100.00%, 21, 0, 6, 300.46
1713070879, 22, 26, 50, 2, 0, 100.00%, 21, 0, 6, 277.38
1713070884, 22, 36, 50, 2, 0, 100.00%, 21, 0, 6, 294.66
1713070889, 23, 10, 50, 2, 0, 100.00%, 21, 0, 6, 322.53
1713070894, 23, 26, 50, 2, 0, 100.00%, 21, 0, 6, 318.96
1713070909, 23, 26, 51, 3, 0, 100.00%, 21, 0, 6, 359.70
1713070919, 23, 26, 52, 4, 0, 100.00%, 21, 0, 6, 321.55
1713070924, 23, 26, 54, 6, 0, 100.00%, 21, 0, 6, 321.02
1713070950, 23, 33, 54, 6, 0, 100.00%, 21, 0, 6, 329.60
1713070955, 24, 14, 54, 6, 0, 100.00%, 21, 0, 6, 342.16
1713070960, 24, 31, 54, 6, 0, 100.00%, 21, 0, 6, 314.57
1713070965, 24, 51, 54, 6, 0, 100.00%, 21, 0, 6, 389.81
1713070975, 25, 9, 54, 5, 0, 100.00%, 21, 0, 6, 415.05
1713070980, 25, 24, 54, 5, 0, 100.00%, 21, 0, 6, 334.21
1713070986, 25, 33, 54, 5, 0, 100.00%, 21, 0, 6, 314.40
1713070991, 25, 50, 54, 5, 0, 100.00%, 21, 0, 6, 409.21
1713070996, 26, 14, 54, 4, 0, 100.00%, 21, 0, 6, 350.47
1713071001, 26, 33, 54, 4, 0, 100.00%, 21, 0, 6, 311.85
1713071006, 27, 9, 54, 4, 0, 100.00%, 21, 0, 6, 331.64
1713071011, 27, 30, 54, 4, 0, 100.00%, 21, 0, 6, 305.20
1713071016, 27, 48, 54, 4, 0, 100.00%, 21, 0, 6, 344.82
1713071022, 28, 14, 54, 4, 0, 100.00%, 21, 0, 6, 311.71
1713071027, 28, 31, 54, 4, 0, 100.00%, 21, 0, 6, 312.39
1713071032, 28, 48, 54, 4, 0, 100.00%, 21, 0, 6, 302.18
1713071037, 29, 16, 54, 4, 0, 100.00%, 21, 0, 6, 328.51
1713071042, 29, 31, 54, 4, 0, 100.00%, 21, 0, 6, 310.43
1713071047, 29, 44, 54, 4, 0, 100.00%, 21, 0, 6, 325.37
1713071052, 30, 6, 54, 4, 0, 100.00%, 21, 0, 6, 314.30
1713071057, 30, 26, 54, 4, 0, 100.00%, 21, 0, 6, 302.72
1713071062, 30, 47, 54, 4, 0, 100.00%, 21, 0, 6, 340.52
1713071067, 31, 14, 54, 4, 0, 100.00%, 21, 0, 6, 314.05
1713071072, 31, 31, 54, 4, 0, 100.00%, 21, 0, 6, 283.88
1713071077, 31, 51, 54, 4, 0, 100.00%, 21, 0, 6, 337.35
1713071082, 32, 24, 54, 4, 0, 100.00%, 21, 0, 6, 295.04
1713071088, 32, 33, 54, 4, 0, 100.00%, 21, 0, 6, 271.21
1713071093, 32, 48, 54, 4, 0, 100.00%, 21, 0, 6, 306.75
1713071098, 33, 9, 54, 4, 0, 100.00%, 21, 0, 6, 291.07
1713071103, 33, 20, 54, 4, 0, 100.00%, 21, 0, 6, 287.56
1713071108, 33, 33, 54, 4, 0, 100.00%, 21, 0, 6, 296.63
1713071113, 34, 14, 54, 4, 0, 100.00%, 21, 0, 6, 351.41
1713071118, 34, 31, 54, 4, 0, 100.00%, 21, 0, 6, 324.12
1713071123, 34, 38, 54, 4, 0, 100.00%, 21, 0, 6, 304.45
1713071128, 35, 14, 54, 4, 0, 100.00%, 21, 0, 6, 352.09
1713071133, 35, 31, 54, 4, 0, 100.00%, 21, 0, 6, 310.17
1713071139, 35, 48, 54, 4, 0, 100.00%, 21, 0, 6, 298.10
1713071144, 36, 16, 54, 4, 0, 100.00%, 21, 0, 6, 289.81
1713071149, 36, 27, 54, 4, 0, 100.00%, 21, 0, 6, 268.30
1713071154, 36, 31, 54, 4, 0, 100.00%, 21, 0, 6, 323.52
1713071189, 36, 36, 54, 4, 0, 100.00%, 21, 0, 6, 366.53
1713071195, 37, 12, 54, 4, 0, 100.00%, 21, 0, 6, 328.71
1713071200, 37, 23, 54, 4, 0, 100.00%, 21, 0, 6, 296.98
1713071205, 37, 34, 54, 4, 0, 100.00%, 21, 0, 6, 320.44
1713071210, 38, 9, 54, 4, 0, 100.00%, 21, 0, 6, 316.18
1713071215, 38, 24, 54, 4, 0, 100.00%, 21, 0, 6, 290.10
1713071260, 38, 31, 54, 4, 0, 100.00%, 21, 0, 6, 296.38
1713071266, 39, 6, 54, 4, 0, 100.00%, 21, 0, 6, 322.65
1713071271, 39, 30, 54, 4, 0, 100.00%, 21, 0, 6, 301.90
1713071276, 39, 48, 54, 4, 0, 100.00%, 21, 0, 6, 306.35
1713071281, 40, 16, 54, 4, 0, 100.00%, 21, 0, 6, 314.90
1713071286, 40, 28, 54, 4, 0, 100.00%, 21, 0, 6, 295.97
1713071291, 41, 0, 54, 4, 0, 100.00%, 21, 0, 6, 333.65
1713071296, 41, 14, 54, 4, 0, 100.00%, 21, 0, 6, 315.60
1713071301, 41, 30, 54, 4, 0, 100.00%, 21, 0, 6, 281.00
1713071306, 41, 48, 54, 4, 0, 100.00%, 21, 0, 6, 304.92
1713071311, 42, 16, 54, 4, 0, 100.00%, 21, 0, 6, 338.95
1713071317, 42, 33, 54, 4, 0, 100.00%, 21, 0, 6, 293.29
1713071322, 43, 3, 54, 4, 0, 100.00%, 21, 0, 6, 337.45
1713071327, 43, 16, 54, 4, 0, 100.00%, 21, 0, 6, 308.33
1713071332, 43, 34, 54, 4, 0, 100.00%, 21, 0, 6, 300.72
1713071337, 44, 3, 54, 4, 0, 100.00%, 21, 0, 6, 357.31
1713071377, 44, 24, 54, 4, 0, 100.00%, 21, 0, 6, 343.56
1713071382, 44, 33, 54, 4, 0, 100.00%, 21, 0, 6, 306.91
1713071387, 45, 3, 54, 4, 0, 100.00%, 21, 0, 6, 330.51
1713071392, 45, 26, 54, 4, 0, 100.00%, 21, 0, 6, 305.77
1713071397, 45, 48, 54, 4, 0, 100.00%, 21, 0, 6, 305.47
1713071403, 46, 14, 54, 4, 0, 100.00%, 21, 0, 6, 344.25
1713071408, 46, 31, 54, 4, 0, 100.00%, 21, 0, 6, 320.77
1713071413, 46, 48, 54, 4, 0, 100.00%, 21, 0, 6, 321.92
1713071418, 47, 21, 54, 4, 0, 100.00%, 21, 0, 6, 306.98
1713071423, 47, 33, 54, 4, 0, 100.00%, 21, 0, 6, 304.50
1713071428, 47, 45, 54, 4, 0, 100.00%, 21, 0, 6, 286.62
1713071433, 48, 24, 54, 4, 0, 100.00%, 21, 0, 6, 322.71
1713071438, 48, 34, 54, 4, 0, 100.00%, 21, 0, 6, 279.13
1713071443, 49, 3, 54, 4, 0, 100.00%, 21, 0, 6, 321.22
1713071448, 49, 26, 54, 4, 0, 100.00%, 21, 0, 6, 308.84
1713071453, 49, 36, 54, 4, 0, 100.00%, 21, 0, 6, 325.07
1713071494, 49, 37, 54, 4, 0, 100.00%, 21, 0, 6, 321.97
1713071499, 50, 16, 54, 4, 0, 100.00%, 21, 0, 6, 330.12
1713071504, 50, 33, 54, 4, 0, 100.00%, 21, 0, 6, 287.04
1713071509, 51, 9, 54, 4, 0, 100.00%, 21, 0, 6, 325.84
1713071514, 51, 26, 54, 4, 0, 100.00%, 21, 0, 6, 294.23
1713071519, 51, 36, 54, 4, 0, 100.00%, 21, 0, 6, 292.89
1713071525, 52, 14, 54, 4, 0, 100.00%, 21, 0, 6, 311.95
1713071530, 52, 33, 54, 4, 0, 100.00%, 21, 0, 6, 323.25
1713071535, 53, 6, 54, 4, 0, 100.00%, 21, 0, 6, 312.67
1713071540, 53, 24, 54, 4, 0, 100.00%, 21, 0, 6, 308.87
1713071545, 53, 34, 54, 4, 0, 100.00%, 21, 0, 6, 308.62
1713071550, 54, 3, 54, 4, 0, 100.00%, 21, 0, 6, 337.77
1713071555, 54, 19, 54, 4, 0, 100.00%, 21, 0, 6, 317.85
1713071560, 54, 32, 54, 4, 0, 100.00%, 21, 0, 6, 292.24
1713071565, 54, 50, 54, 4, 0, 100.00%, 21, 0, 6, 330.40
1713071570, 55, 15, 54, 4, 0, 100.00%, 21, 0, 6, 311.74
1713071575, 55, 26, 54, 4, 0, 100.00%, 21, 0, 6, 281.11
1713071580, 55, 48, 54, 4, 0, 100.00%, 21, 0, 6, 310.48
1713071586, 56, 24, 54, 4, 0, 100.00%, 21, 0, 6, 307.72
1713071591, 56, 34, 54, 4, 0, 100.00%, 21, 0, 6, 318.75
1713071596, 57, 8, 54, 4, 0, 100.00%, 21, 0, 6, 340.19
1713071601, 57, 14, 55, 5, 0, 100.00%, 21, 0, 6, 293.65
1713071606, 57, 31, 55, 5, 0, 100.00%, 21, 0, 6, 273.30
1713071611, 58, 6, 55, 5, 0, 100.00%, 21, 0, 6, 323.40
1713071616, 58, 26, 55, 5, 0, 100.00%, 21, 0, 6, 297.70
1713071621, 58, 48, 55, 5, 0, 100.00%, 21, 0, 6, 314.05
1713071626, 58, 54, 55, 5, 0, 100.00%, 21, 0, 6, 448.92
1713071642, 58, 54, 55, 4, 0, 100.00%, 21, 0, 6, 518.87
1713071647, 59, 14, 55, 4, 0, 100.00%, 21, 0, 6, 396.17
1713071652, 59, 30, 55, 4, 0, 100.00%, 21, 0, 6, 311.23
1713071657, 60, 3, 55, 4, 0, 100.00%, 21, 0, 6, 342.29
1713071662, 60, 24, 55, 4, 0, 100.00%, 21, 0, 6, 311.76
1713071667, 60, 33, 55, 4, 0, 100.00%, 21, 0, 6, 318.98
1713071672, 60, 45, 55, 4, 0, 100.00%, 21, 0, 6, 321.21
1713071677, 61, 16, 55, 4, 0, 100.00%, 21, 0, 6, 331.27
1713071682, 61, 31, 55, 4, 0, 100.00%, 21, 0, 6, 294.62
1713071687, 62, 6, 55, 4, 0, 100.00%, 21, 0, 6, 335.00
1713071692, 62, 24, 55, 4, 0, 100.00%, 21, 0, 6, 321.86
1713071697, 62, 33, 55, 4, 0, 100.00%, 21, 0, 6, 318.83
1713071702, 62, 36, 55, 4, 0, 100.00%, 21, 0, 6, 322.72
1713071738, 62, 50, 55, 4, 0, 100.00%, 21, 0, 6, 395.15
1713071743, 63, 24, 55, 4, 0, 100.00%, 21, 0, 6, 315.26
1713071748, 63, 34, 55, 4, 0, 100.00%, 21, 0, 6, 303.08
1713071753, 64, 16, 55, 4, 0, 100.00%, 21, 0, 6, 316.78
1713071758, 64, 33, 55, 4, 0, 100.00%, 21, 0, 6, 306.02
1713071763, 65, 6, 55, 4, 0, 100.00%, 21, 0, 6, 323.73
1713071769, 65, 26, 55, 4, 0, 100.00%, 21, 0, 6, 296.69
1713071774, 65, 35, 55, 4, 0, 100.00%, 21, 0, 6, 310.73
1713071779, 66, 14, 55, 4, 0, 100.00%, 21, 0, 6, 334.17
1713071784, 66, 31, 55, 4, 0, 100.00%, 21, 0, 6, 296.76
1713071789, 67, 3, 55, 4, 0, 100.00%, 21, 0, 6, 336.92
1713071794, 67, 26, 55, 4, 0, 100.00%, 21, 0, 6, 331.02
1713071799, 67, 36, 55, 4, 0, 100.00%, 21, 0, 6, 323.20
1713071804, 68, 9, 55, 4, 0, 100.00%, 21, 0, 6, 345.91
1713071840, 68, 29, 55, 4, 0, 100.00%, 21, 0, 6, 352.56
1713071845, 68, 36, 55, 4, 0, 100.00%, 21, 0, 6, 299.45
1713071850, 69, 14, 55, 4, 0, 100.00%, 21, 0, 6, 303.01
1713071855, 69, 31, 55, 4, 0, 100.00%, 21, 0, 6, 282.35
1713071860, 70, 0, 55, 4, 0, 100.00%, 21, 0, 6, 343.27
1713071865, 70, 24, 55, 4, 0, 100.00%, 21, 0, 6, 320.19
1713071871, 70, 34, 55, 4, 0, 100.00%, 21, 0, 6, 319.17
1713071876, 71, 9, 55, 4, 0, 100.00%, 21, 0, 6, 339.25
1713071881, 71, 30, 55, 4, 0, 100.00%, 21, 0, 6, 303.31
1713071886, 71, 48, 55, 4, 0, 100.00%, 21, 0, 6, 318.27
1713071891, 72, 26, 55, 4, 0, 100.00%, 21, 0, 6, 322.48
1713071896, 72, 36, 55, 4, 0, 100.00%, 21, 0, 6, 298.23
1713071901, 73, 14, 55, 4, 0, 100.00%, 21, 0, 6, 324.45
1713071906, 73, 31, 55, 4, 0, 100.00%, 21, 0, 6, 306.78
1713071911, 73, 48, 55, 4, 0, 100.00%, 21, 0, 6, 325.15
1713071916, 74, 21, 55, 4, 0, 100.00%, 21, 0, 6, 309.82
1713071921, 74, 31, 55, 4, 0, 100.00%, 21, 0, 6, 304.72
1713071926, 75, 6, 55, 4, 0, 100.00%, 21, 0, 6, 339.88
1713071931, 75, 24, 55, 4, 0, 100.00%, 21, 0, 6, 328.22
1713071936, 75, 31, 55, 4, 0, 100.00%, 21, 0, 6, 296.81
1713071942, 76, 3, 55, 4, 0, 100.00%, 21, 0, 6, 356.08
1713071947, 76, 26, 55, 4, 0, 100.00%, 21, 0, 6, 311.03
1713071952, 76, 48, 55, 4, 0, 100.00%, 21, 0, 6, 321.06
1713071957, 77, 16, 55, 4, 0, 100.00%, 21, 0, 6, 339.63
1713071962, 77, 24, 55, 4, 0, 100.00%, 21, 0, 6, 353.14
1713071967, 77, 34, 55, 4, 0, 100.00%, 21, 0, 6, 319.46
1713071972, 78, 14, 55, 4, 0, 100.00%, 21, 0, 6, 316.57
1713071977, 78, 33, 55, 4, 0, 100.00%, 21, 0, 6, 308.60
1713071982, 79, 6, 55, 4, 0, 100.00%, 21, 0, 6, 335.78
1713071987, 79, 24, 55, 4, 0, 100.00%, 21, 0, 6, 329.24
1713071992, 79, 34, 55, 4, 0, 100.00%, 21, 0, 6, 314.55
1713071997, 80, 14, 55, 4, 0, 100.00%, 21, 0, 6, 365.62
1713072003, 80, 31, 55, 4, 0, 100.00%, 21, 0, 6, 336.82
1713072008, 81, 6, 55, 4, 0, 100.00%, 21, 0, 6, 356.99
1713072013, 81, 16, 55, 4, 0, 100.00%, 21, 0, 6, 327.39
1713072018, 81, 34, 55, 4, 0, 100.00%, 21, 0, 6, 333.13
1713072023, 82, 8, 55, 4, 0, 100.00%, 21, 0, 6, 314.76
1713072028, 82, 30, 55, 4, 0, 100.00%, 21, 0, 6, 317.28
1713072033, 82, 47, 55, 4, 0, 100.00%, 21, 0, 6, 353.96
1713072038, 83, 16, 56, 5, 0, 100.00%, 21, 0, 6, 323.23
1713072043, 83, 31, 56, 5, 0, 100.00%, 21, 0, 6, 303.25
1713072048, 83, 55, 56, 5, 0, 100.00%, 21, 0, 6, 53.41
1713072074, 84, 12, 56, 4, 0, 100.00%, 21, 0, 6, 311.86
1713072079, 84, 31, 56, 4, 0, 100.00%, 21, 0, 6, 305.39
1713072084, 84, 37, 56, 4, 0, 100.00%, 21, 0, 6, 340.54
1713072089, 85, 7, 56, 4, 0, 100.00%, 21, 0, 6, 312.16
1713072094, 85, 26, 56, 4, 0, 100.00%, 21, 0, 6, 290.20
1713072099, 85, 34, 56, 4, 0, 100.00%, 21, 0, 6, 326.28
1713072105, 86, 6, 56, 4, 0, 100.00%, 21, 0, 6, 366.46
1713072110, 86, 26, 56, 4, 0, 100.00%, 21, 0, 6, 343.70
1713072155, 86, 48, 56, 4, 0, 100.00%, 21, 0, 6, 342.86
1713072160, 87, 13, 56, 4, 0, 100.00%, 21, 0, 6, 329.46
1713072166, 87, 33, 56, 4, 0, 100.00%, 21, 0, 6, 326.54
1713072171, 88, 3, 56, 4, 0, 100.00%, 21, 0, 6, 327.14
1713072176, 88, 24, 56, 4, 0, 100.00%, 21, 0, 6, 311.88
1713072181, 88, 34, 56, 4, 0, 100.00%, 21, 0, 6, 308.70
1713072186, 89, 8, 56, 4, 0, 100.00%, 21, 0, 6, 321.09
1713072191, 89, 26, 56, 4, 0, 100.00%, 21, 0, 6, 304.58
1713072196, 89, 33, 56, 4, 0, 100.00%, 21, 0, 6, 289.27
1713072201, 90, 4, 56, 4, 0, 100.00%, 21, 0, 6, 299.56
1713072206, 90, 14, 56, 4, 0, 100.00%, 21, 0, 6, 304.67
1713072211, 90, 31, 56, 4, 0, 100.00%, 21, 0, 6, 304.50
1713072216, 91, 6, 56, 4, 0, 100.00%, 21, 0, 6, 340.13
1713072222, 91, 26, 56, 4, 0, 100.00%, 21, 0, 6, 269.36
1713072227, 91, 36, 56, 4, 0, 100.00%, 21, 0, 6, 275.55
1713072232, 92, 14, 56, 4, 0, 100.00%, 21, 0, 6, 324.93
1713072237, 92, 31, 56, 4, 0, 100.00%, 21, 0, 6, 306.00
1713072242, 93, 3, 56, 4, 0, 100.00%, 21, 0, 6, 329.86
1713072247, 93, 26, 56, 4, 0, 100.00%, 21, 0, 6, 322.97
1713072252, 93, 38, 56, 4, 0, 100.00%, 21, 0, 6, 320.84
1713072257, 94, 9, 56, 4, 0, 100.00%, 21, 0, 6, 304.66
1713072262, 94, 30, 56, 4, 0, 100.00%, 21, 0, 6, 306.24
1713072268, 94, 37, 56, 4, 0, 100.00%, 21, 0, 6, 314.13
1713072273, 95, 14, 56, 4, 0, 100.00%, 21, 0, 6, 335.98
1713072278, 95, 27, 56, 4, 0, 100.00%, 21, 0, 6, 337.12
1713072283, 95, 36, 56, 4, 0, 100.00%, 21, 0, 6, 311.29
1713072288, 96, 1, 56, 4, 0, 100.00%, 21, 0, 6, 305.04
1713072293, 96, 14, 56, 4, 0, 100.00%, 21, 0, 6, 312.21
1713072298, 96, 33, 56, 4, 0, 100.00%, 21, 0, 6, 300.45
1713072303, 97, 6, 56, 4, 0, 100.00%, 21, 0, 6, 330.71
1713072308, 97, 16, 56, 4, 0, 100.00%, 21, 0, 6, 376.01
1713072339, 97, 21, 56, 4, 0, 100.00%, 21, 0, 6, 339.51
1713072344, 97, 31, 56, 4, 0, 100.00%, 21, 0, 6, 292.11
1713072349, 98, 6, 56, 4, 0, 100.00%, 21, 0, 6, 327.70
1713072354, 98, 24, 56, 4, 0, 100.00%, 21, 0, 6, 303.38
1713072359, 98, 36, 56, 4, 0, 100.00%, 21, 0, 6, 326.08
1713072364, 99, 6, 56, 4, 0, 100.00%, 21, 0, 6, 328.74
1713072369, 99, 26, 56, 4, 0, 100.00%, 21, 0, 6, 307.52
1713072374, 99, 36, 56, 4, 0, 100.00%, 21, 0, 6, 316.01
1713072380, 100, 16, 56, 4, 0, 100.00%, 21, 0, 6, 317.76
1713072385, 100, 29, 56, 4, 0, 100.00%, 21, 0, 6, 266.66
1713072390, 100, 43, 56, 4, 0, 100.00%, 21, 0, 6, 299.70
1713072395, 101, 6, 56, 4, 0, 100.00%, 21, 0, 6, 339.58
1713072400, 101, 26, 56, 4, 0, 100.00%, 21, 0, 6, 303.37
1713072405, 101, 36, 56, 4, 0, 100.00%, 21, 0, 6, 281.61
1713072410, 102, 16, 56, 4, 0, 100.00%, 21, 0, 6, 325.22
1713072415, 102, 31, 56, 4, 0, 100.00%, 21, 0, 6, 297.75
1713072420, 102, 39, 56, 4, 0, 100.00%, 21, 0, 6, 316.04
1713072425, 103, 14, 56, 4, 0, 100.00%, 21, 0, 6, 336.69
1713072431, 103, 26, 56, 4, 0, 100.00%, 21, 0, 6, 296.56
1713072436, 103, 36, 56, 4, 0, 100.00%, 21, 0, 6, 307.50
1713072441, 104, 7, 56, 4, 0, 100.00%, 21, 0, 6, 328.11
1713072446, 104, 26, 56, 4, 0, 100.00%, 21, 0, 6, 296.35
1713072451, 104, 31, 56, 4, 0, 100.00%, 21, 0, 6, 300.36
1713072456, 105, 6, 56, 4, 0, 100.00%, 21, 0, 6, 343.89
1713072461, 105, 24, 56, 4, 0, 100.00%, 21, 0, 6, 298.22
1713072466, 105, 36, 56, 4, 0, 100.00%, 21, 0, 6, 314.72
1713072471, 106, 5, 56, 4, 0, 100.00%, 21, 0, 6, 309.97
1713072477, 106, 24, 56, 4, 0, 100.00%, 21, 0, 6, 322.54
1713072482, 106, 36, 56, 4, 0, 100.00%, 21, 0, 6, 321.37
1713072487, 107, 14, 56, 4, 0, 100.00%, 21, 0, 6, 322.87
1713072492, 107, 27, 56, 4, 0, 100.00%, 21, 0, 6, 296.34
1713072497, 107, 38, 56, 4, 0, 100.00%, 21, 0, 6, 327.15
1713072502, 108, 6, 56, 4, 0, 100.00%, 21, 0, 6, 369.39
1713072538, 108, 26, 56, 4, 0, 100.00%, 21, 0, 6, 358.47
1713072543, 108, 36, 56, 4, 0, 100.00%, 21, 0, 6, 320.48
1713072548, 109, 16, 56, 4, 0, 100.00%, 21, 0, 6, 322.34
1713072553, 109, 30, 56, 4, 0, 100.00%, 21, 0, 6, 297.21
1713072558, 110, 0, 56, 4, 0, 100.00%, 21, 0, 6, 351.63
1713072563, 110, 24, 56, 4, 0, 100.00%, 21, 0, 6, 349.66
1713072568, 110, 34, 56, 4, 0, 100.00%, 21, 0, 6, 343.30
1713072573, 111, 14, 56, 4, 0, 100.00%, 21, 0, 6, 356.40
1713072578, 111, 33, 56, 4, 0, 100.00%, 21, 0, 6, 326.22
1713072583, 111, 44, 56, 4, 0, 100.00%, 21, 0, 6, 305.59
1713072588, 112, 14, 56, 4, 0, 100.00%, 21, 0, 6, 306.00
1713072593, 112, 33, 56, 4, 0, 100.00%, 21, 0, 6, 320.56
1713072598, 113, 6, 56, 4, 0, 100.00%, 21, 0, 6, 344.87
1713072604, 113, 29, 56, 4, 0, 100.00%, 21, 0, 6, 319.45
1713072609, 113, 33, 56, 4, 0, 100.00%, 21, 0, 6, 337.05
1713072614, 114, 9, 56, 4, 0, 100.00%, 21, 0, 6, 338.29
1713072619, 114, 26, 56, 4, 0, 100.00%, 21, 0, 6, 317.85
1713072624, 115, 3, 56, 4, 0, 100.00%, 21, 0, 6, 349.09
1713072629, 115, 18, 56, 4, 0, 100.00%, 21, 0, 6, 324.16
1713072634, 115, 30, 56, 4, 0, 100.00%, 21, 0, 6, 318.67
1713072639, 116, 6, 56, 4, 0, 100.00%, 21, 0, 6, 325.87
1713072644, 116, 26, 56, 4, 0, 100.00%, 21, 0, 6, 288.74
1713072649, 116, 48, 56, 4, 0, 100.00%, 21, 0, 6, 340.70
1713072654, 117, 9, 56, 4, 0, 100.00%, 21, 0, 6, 361.96
1713072660, 117, 31, 56, 4, 0, 100.00%, 21, 0, 6, 325.79
1713072665, 118, 3, 56, 4, 0, 100.00%, 21, 0, 6, 308.86
1713072670, 118, 24, 56, 4, 0, 100.00%, 21, 0, 6, 303.83
1713072675, 118, 34, 56, 4, 0, 100.00%, 21, 0, 6, 316.96
1713072680, 119, 16, 56, 4, 0, 100.00%, 21, 0, 6, 329.41
1713072685, 119, 31, 56, 4, 0, 100.00%, 21, 0, 6, 298.23
1713072690, 120, 3, 56, 4, 0, 100.00%, 21, 0, 6, 321.52
1713072695, 120, 24, 56, 4, 0, 100.00%, 21, 0, 6, 296.46
1713072700, 120, 35, 56, 4, 0, 100.00%, 21, 0, 6, 308.64
1713072705, 120, 48, 56, 4, 0, 100.00%, 21, 0, 6, 408.61
1713072711, 121, 16, 56, 4, 0, 100.00%, 21, 0, 6, 331.65
1713072716, 121, 34, 56, 4, 0, 100.00%, 21, 0, 6, 333.79
1713072721, 122, 1, 56, 4, 0, 100.00%, 21, 0, 6, 304.72
1713072726, 122, 16, 56, 4, 0, 100.00%, 21, 0, 6, 270.45
1713072731, 122, 30, 56, 4, 0, 100.00%, 21, 0, 6, 329.44
1713072772, 123, 0, 56, 4, 0, 100.00%, 21, 0, 6, 379.15
1713072777, 123, 16, 56, 4, 0, 100.00%, 21, 0, 6, 332.02
1713072782, 123, 34, 56, 4, 0, 100.00%, 21, 0, 6, 335.48
1713072787, 124, 6, 56, 4, 0, 100.00%, 21, 0, 6, 344.47
1713072792, 124, 23, 56, 4, 0, 100.00%, 21, 0, 6, 332.16
1713072797, 124, 33, 56, 4, 0, 100.00%, 21, 0, 6, 323.47
1713072802, 125, 9, 56, 4, 0, 100.00%, 21, 0, 6, 321.57
1713072807, 125, 26, 56, 4, 0, 100.00%, 21, 0, 6, 327.97
1713072812, 125, 48, 56, 4, 0, 100.00%, 21, 0, 6, 361.75
1713072817, 126, 14, 56, 4, 0, 100.00%, 21, 0, 6, 365.83
1713072822, 126, 31, 56, 4, 0, 100.00%, 21, 0, 6, 320.30
1713072827, 127, 6, 56, 4, 0, 100.00%, 21, 0, 6, 309.18
1713072832, 127, 30, 56, 4, 0, 100.00%, 21, 0, 6, 288.36
1713072837, 127, 48, 56, 4, 0, 100.00%, 21, 0, 6, 301.65
1713072842, 128, 16, 56, 4, 0, 100.00%, 21, 0, 6, 335.27
1713072848, 128, 32, 56, 4, 0, 100.00%, 21, 0, 6, 288.10
1713072853, 129, 6, 56, 4, 0, 100.00%, 21, 0, 6, 318.16
1713072858, 129, 30, 56, 4, 0, 100.00%, 21, 0, 6, 302.65
1713072863, 129, 48, 56, 4, 0, 100.00%, 21, 0, 6, 345.24
1713072868, 130, 24, 56, 4, 0, 100.00%, 21, 0, 6, 327.24
1713072873, 130, 34, 56, 4, 0, 100.00%, 21, 0, 6, 315.34
1713072878, 131, 14, 56, 4, 0, 100.00%, 21, 0, 6, 321.02
1713072883, 131, 30, 56, 4, 0, 100.00%, 21, 0, 6, 299.96
1713072888, 131, 31, 56, 4, 0, 100.00%, 21, 0, 6, 345.63
1713072924, 131, 34, 56, 4, 0, 100.00%, 21, 0, 6, 313.10
1713072929, 132, 14, 56, 4, 0, 100.00%, 21, 0, 6, 335.09
1713072934, 132, 33, 56, 4, 0, 100.00%, 21, 0, 6, 310.61
1713072939, 133, 9, 56, 4, 0, 100.00%, 21, 0, 6, 353.91
1713072944, 133, 30, 56, 4, 0, 100.00%, 21, 0, 6, 315.97
1713072949, 133, 48, 56, 4, 0, 100.00%, 21, 0, 6, 343.80
1713072954, 134, 24, 56, 4, 0, 100.00%, 21, 0, 6, 341.91
1713072959, 134, 34, 56, 4, 0, 100.00%, 21, 0, 6, 308.03
1713072964, 135, 6, 56, 4, 0, 100.00%, 21, 0, 6, 346.69
1713072969, 135, 9, 56, 4, 0, 100.00%, 21, 0, 6, 360.12
1713073005, 135, 26, 56, 4, 0, 100.00%, 21, 0, 6, 311.52
1713073010, 135, 36, 56, 4, 0, 100.00%, 21, 0, 6, 308.42
1713073015, 136, 16, 56, 4, 0, 100.00%, 21, 0, 6, 312.95
1713073020, 136, 33, 56, 4, 0, 100.00%, 21, 0, 6, 308.90
1713073025, 136, 54, 56, 4, 0, 100.00%, 21, 0, 6, 329.16
1713073030, 137, 9, 56, 4, 0, 100.00%, 21, 0, 6, 372.81
1713073035, 137, 30, 56, 4, 0, 100.00%, 21, 0, 6, 311.34
1713073040, 137, 48, 56, 4, 0, 100.00%, 21, 0, 6, 335.50
1713073045, 138, 23, 56, 4, 0, 100.00%, 21, 0, 6, 325.98
1713073050, 138, 31, 56, 4, 0, 100.00%, 21, 0, 6, 301.66
1713073056, 138, 48, 56, 4, 0, 100.00%, 21, 0, 6, 304.47
1713073061, 139, 24, 56, 4, 0, 100.00%, 21, 0, 6, 324.95
1713073066, 139, 34, 56, 4, 0, 100.00%, 21, 0, 6, 307.31
1713073071, 140, 9, 56, 4, 0, 100.00%, 21, 0, 6, 314.28
1713073076, 140, 28, 56, 4, 0, 100.00%, 21, 0, 6, 302.80
1713073081, 140, 47, 56, 4, 0, 100.00%, 21, 0, 6, 319.50
1713073086, 141, 16, 56, 4, 0, 100.00%, 21, 0, 6, 327.73
1713073091, 141, 34, 56, 4, 0, 100.00%, 21, 0, 6, 309.59
1713073096, 142, 9, 56, 4, 0, 100.00%, 21, 0, 6, 320.27
1713073101, 142, 26, 56, 4, 0, 100.00%, 21, 0, 6, 302.73
1713073107, 142, 48, 56, 4, 0, 100.00%, 21, 0, 6, 309.77
1713073112, 143, 24, 56, 4, 0, 100.00%, 21, 0, 6, 303.14
1713073117, 143, 31, 56, 4, 0, 100.00%, 21, 0, 6, 292.59
1713073122, 143, 48, 56, 4, 0, 100.00%, 21, 0, 6, 320.17
1713073127, 144, 14, 56, 4, 0, 100.00%, 21, 0, 6, 312.16
1713073132, 144, 30, 56, 4, 0, 100.00%, 21, 0, 6, 295.27
1713073137, 144, 44, 56, 4, 0, 100.00%, 21, 0, 6, 323.35
1713073142, 145, 9, 56, 4, 0, 100.00%, 21, 0, 6, 304.90
1713073147, 145, 31, 56, 4, 0, 100.00%, 21, 0, 6, 311.12
1713073152, 145, 55, 56, 4, 0, 100.00%, 21, 0, 6, 335.39
1713073157, 146, 6, 56, 4, 0, 100.00%, 21, 0, 6, 349.76
1713073162, 146, 30, 56, 4, 0, 100.00%, 21, 0, 6, 312.27
1713073167, 147, 3, 56, 4, 0, 100.00%, 21, 0, 6, 326.09
1713073173, 147, 24, 56, 4, 0, 100.00%, 21, 0, 6, 320.21
1713073178, 147, 34, 56, 4, 0, 100.00%, 21, 0, 6, 321.09
1713073183, 148, 3, 56, 4, 0, 100.00%, 21, 0, 6, 348.40
1713073188, 148, 16, 56, 4, 0, 100.00%, 21, 0, 6, 315.84
1713073193, 148, 32, 56, 4, 0, 100.00%, 21, 0, 6, 293.37
1713073198, 149, 4, 56, 4, 0, 100.00%, 21, 0, 6, 315.12
1713073203, 149, 16, 56, 4, 0, 100.00%, 21, 0, 6, 294.51
1713073208, 149, 33, 56, 4, 0, 100.00%, 21, 0, 6, 311.23
1713073249, 149, 36, 56, 4, 0, 100.00%, 21, 0, 6, 330.74
1713073254, 150, 14, 56, 4, 0, 100.00%, 21, 0, 6, 312.75
1713073259, 150, 33, 56, 4, 0, 100.00%, 21, 0, 6, 293.48
1713073264, 151, 3, 56, 4, 0, 100.00%, 21, 0, 6, 265.90
1713073269, 151, 16, 56, 4, 0, 100.00%, 21, 0, 6, 261.30
1713073274, 151, 26, 56, 4, 0, 100.00%, 21, 0, 6, 252.17
1713073279, 151, 36, 56, 4, 0, 100.00%, 21, 0, 6, 275.88
1713073284, 152, 6, 56, 4, 0, 100.00%, 21, 0, 6, 293.85
1713073289, 152, 24, 56, 4, 0, 100.00%, 21, 0, 6, 247.56
1713073294, 152, 33, 56, 4, 0, 100.00%, 21, 0, 6, 272.19
1713073299, 153, 4, 56, 4, 0, 100.00%, 21, 0, 6, 301.42
1713073304, 153, 16, 56, 4, 0, 100.00%, 21, 0, 6, 271.76
1713073310, 153, 33, 56, 4, 0, 100.00%, 21, 0, 6, 261.33
1713073315, 154, 4, 56, 4, 0, 100.00%, 21, 0, 6, 266.55
1713073320, 154, 26, 56, 4, 0, 100.00%, 21, 0, 6, 293.89
1713073325, 154, 36, 56, 4, 0, 100.00%, 21, 0, 6, 278.87
1713073330, 155, 3, 56, 4, 0, 100.00%, 21, 0, 6, 312.08
1713073335, 155, 24, 56, 4, 0, 100.00%, 21, 0, 6, 300.81
1713073340, 155, 33, 56, 4, 0, 100.00%, 21, 0, 6, 283.44
1713073345, 156, 6, 56, 4, 0, 100.00%, 21, 0, 6, 320.99
1713073350, 156, 26, 56, 4, 0, 100.00%, 21, 0, 6, 280.53
1713073355, 156, 36, 56, 4, 0, 100.00%, 21, 0, 6, 287.31
1713073360, 156, 54, 57, 5, 0, 100.00%, 21, 0, 7, 298.27
1713073365, 157, 11, 57, 5, 0, 100.00%, 21, 0, 7, 299.35
1713073370, 157, 26, 57, 5, 0, 100.00%, 21, 0, 7, 274.84
1713073376, 157, 48, 57, 5, 0, 100.00%, 21, 0, 7, 317.15
1713073381, 158, 14, 57, 5, 0, 100.00%, 21, 0, 7, 278.44
1713073386, 158, 30, 57, 5, 0, 100.00%, 21, 0, 7, 276.37
1713073391, 158, 33, 57, 5, 0, 100.00%, 21, 0, 7, 292.06
1713073396, 158, 56, 57, 5, 0, 100.00%, 21, 0, 7, 275.43
1713073427, 159, 3, 57, 4, 0, 100.00%, 21, 0, 7, 275.78
1713073432, 159, 24, 57, 4, 0, 100.00%, 21, 0, 7, 278.17
1713073437, 159, 34, 57, 4, 0, 100.00%, 21, 0, 7, 258.10
1713073442, 160, 6, 57, 4, 0, 100.00%, 21, 0, 7, 301.04
1713073447, 160, 19, 57, 4, 0, 100.00%, 21, 0, 7, 287.97
1713073452, 160, 31, 57, 4, 0, 100.00%, 21, 0, 7, 272.85
1713073457, 160, 44, 57, 4, 0, 100.00%, 21, 0, 7, 270.30
1713073462, 161, 11, 57, 4, 0, 100.00%, 21, 0, 7, 299.12
1713073467, 161, 26, 57, 4, 0, 100.00%, 21, 0, 7, 287.16
1713073472, 161, 36, 57, 4, 0, 100.00%, 21, 0, 7, 294.52
1713073477, 162, 6, 57, 4, 0, 100.00%, 21, 0, 7, 354.17
1713073518, 162, 14, 57, 4, 0, 100.00%, 21, 0, 7, 316.86
1713073523, 162, 33, 57, 4, 0, 100.00%, 21, 0, 7, 303.82
1713073528, 163, 3, 57, 4, 0, 100.00%, 21, 0, 7, 305.84
1713073533, 163, 26, 57, 4, 0, 100.00%, 21, 0, 7, 293.95
1713073539, 163, 36, 57, 4, 0, 100.00%, 21, 0, 7, 291.54
1713073544, 164, 3, 57, 4, 0, 100.00%, 21, 0, 7, 362.03
1713073549, 164, 15, 57, 4, 0, 100.00%, 21, 0, 7, 279.25
1713073554, 164, 30, 57, 4, 0, 100.00%, 21, 0, 7, 283.88
1713073559, 164, 48, 57, 4, 0, 100.00%, 21, 0, 7, 269.08
1713073564, 165, 9, 57, 4, 0, 100.00%, 21, 0, 7, 284.39
1713073569, 165, 30, 57, 4, 0, 100.00%, 21, 0, 7, 279.51
1713073574, 165, 37, 57, 4, 0, 100.00%, 21, 0, 7, 289.72
1713073584, 166, 16, 57, 4, 0, 100.00%, 21, 0, 7, 303.22
1713073590, 166, 26, 57, 4, 0, 100.00%, 21, 0, 7, 253.04
1713073595, 166, 36, 57, 4, 0, 100.00%, 21, 0, 7, 263.05
1713073600, 167, 14, 57, 4, 0, 100.00%, 21, 0, 7, 291.13
1713073605, 167, 24, 57, 4, 0, 100.00%, 21, 0, 7, 278.01
1713073656, 167, 30, 57, 4, 0, 100.00%, 21, 0, 7, 294.89
1713073661, 167, 48, 57, 4, 0, 100.00%, 21, 0, 7, 284.50
1713073666, 168, 14, 57, 4, 0, 100.00%, 21, 0, 7, 277.61
1713073671, 168, 30, 57, 4, 0, 100.00%, 21, 0, 7, 278.28
1713073676, 169, 3, 57, 4, 0, 100.00%, 21, 0, 7, 297.46
1713073681, 169, 16, 57, 4, 0, 100.00%, 21, 0, 7, 298.05
1713073686, 169, 30, 57, 4, 0, 100.00%, 21, 0, 7, 276.09
1713073691, 170, 3, 57, 4, 0, 100.00%, 21, 0, 7, 319.55
1713073696, 170, 26, 57, 4, 0, 100.00%, 21, 0, 7, 288.99
1713073701, 170, 36, 57, 4, 0, 100.00%, 21, 0, 7, 292.41
1713073707, 170, 55, 57, 4, 0, 100.00%, 21, 0, 7, 311.29
1713073717, 171, 6, 57, 4, 0, 100.00%, 21, 0, 7, 313.48
1713073722, 171, 24, 57, 4, 0, 100.00%, 21, 0, 7, 310.31
1713073727, 171, 36, 57, 4, 0, 100.00%, 21, 0, 7, 306.20
1713073732, 172, 9, 57, 4, 0, 100.00%, 21, 0, 7, 282.57
1713073737, 172, 27, 57, 4, 0, 100.00%, 21, 0, 7, 261.14
1713073742, 172, 36, 57, 4, 0, 100.00%, 21, 0, 7, 284.88
1713073748, 173, 6, 57, 4, 0, 100.00%, 21, 0, 7, 307.99
1713073753, 173, 24, 57, 4, 0, 100.00%, 21, 0, 7, 279.98
1713073758, 173, 36, 57, 4, 0, 100.00%, 21, 0, 7, 299.34
1713073763, 174, 6, 57, 4, 0, 100.00%, 21, 0, 7, 290.63
1713073768, 174, 26, 57, 4, 0, 100.00%, 21, 0, 7, 261.93
1713073773, 174, 30, 57, 4, 0, 100.00%, 21, 0, 7, 252.63
1713073778, 174, 48, 57, 4, 0, 100.00%, 21, 0, 7, 279.24
1713073783, 175, 14, 57, 4, 0, 100.00%, 21, 0, 7, 296.32
1713073788, 175, 31, 57, 4, 0, 100.00%, 21, 0, 7, 261.47
1713073794, 175, 48, 57, 4, 0, 100.00%, 21, 0, 7, 270.04
1713073799, 176, 16, 57, 4, 0, 100.00%, 21, 0, 7, 307.55
1713073834, 176, 24, 58, 5, 0, 100.00%, 21, 0, 7, 327.63
1713073840, 176, 34, 58, 5, 0, 100.00%, 21, 0, 7, 293.63
1713073845, 177, 14, 58, 5, 0, 100.00%, 21, 0, 7, 305.13
1713073850, 177, 31, 58, 5, 0, 100.00%, 21, 0, 7, 283.31
1713073855, 177, 48, 58, 5, 0, 100.00%, 21, 0, 7, 283.13
1713073860, 178, 6, 59, 6, 0, 100.00%, 21, 0, 7, 280.98
1713073865, 178, 26, 59, 6, 0, 100.00%, 21, 0, 7, 270.04
1713073870, 178, 40, 59, 6, 0, 100.00%, 21, 0, 7, 291.77
1713073875, 178, 58, 59, 6, 0, 100.00%, 21, 0, 7, 58.38
1713073911, 179, 3, 59, 5, 0, 100.00%, 21, 0, 7, 225.52
1713073916, 179, 18, 59, 5, 0, 100.00%, 21, 0, 7, 261.63
1713073921, 179, 30, 59, 5, 0, 100.00%, 21, 0, 7, 268.24
1713073926, 179, 43, 59, 5, 0, 100.00%, 21, 0, 7, 271.13
1713073931, 180, 14, 59, 5, 0, 100.00%, 21, 0, 7, 300.48
1713073936, 180, 31, 59, 5, 0, 100.00%, 21, 0, 7, 266.30
1713073941, 180, 57, 59, 5, 0, 100.00%, 21, 0, 7, 50.85
1713073993, 181, 16, 59, 4, 0, 100.00%, 21, 0, 7, 275.76
1713073998, 181, 26, 59, 4, 0, 100.00%, 21, 0, 7, 309.21
1713074038, 181, 30, 59, 4, 0, 100.00%, 21, 0, 7, 301.58
1713074043, 181, 48, 59, 4, 0, 100.00%, 21, 0, 7, 299.59
1713074049, 182, 10, 59, 4, 0, 100.00%, 21, 0, 7, 282.78
1713074054, 182, 26, 59, 4, 0, 100.00%, 21, 0, 7, 269.53
1713074059, 182, 36, 59, 4, 0, 100.00%, 21, 0, 7, 292.45
1713074064, 183, 3, 59, 4, 0, 100.00%, 21, 0, 7, 272.61
1713074069, 183, 9, 59, 4, 0, 100.00%, 21, 0, 7, 328.07
1713074104, 183, 14, 59, 4, 0, 100.00%, 21, 0, 7, 303.87
1713074109, 183, 30, 59, 4, 0, 100.00%, 21, 0, 7, 292.76
1713074114, 184, 3, 59, 4, 0, 100.00%, 21, 0, 7, 312.64
1713074120, 184, 15, 59, 4, 0, 100.00%, 21, 0, 7, 279.17
1713074125, 184, 30, 59, 4, 0, 100.00%, 21, 0, 7, 252.09
1713074130, 184, 36, 59, 4, 0, 100.00%, 21, 0, 7, 264.18
1713074135, 185, 16, 59, 4, 0, 100.00%, 21, 0, 7, 300.00
1713074140, 185, 33, 59, 4, 0, 100.00%, 21, 0, 7, 281.77
1713074145, 186, 6, 59, 4, 0, 100.00%, 21, 0, 7, 306.42
1713074150, 186, 26, 59, 4, 0, 100.00%, 21, 0, 7, 262.34
1713074155, 186, 34, 59, 4, 0, 100.00%, 21, 0, 7, 294.41
1713074196, 186, 48, 59, 4, 0, 100.00%, 21, 0, 7, 323.75
1713074201, 187, 14, 59, 4, 0, 100.00%, 21, 0, 7, 291.96
1713074206, 187, 31, 59, 4, 0, 100.00%, 21, 0, 7, 274.90
1713074211, 188, 3, 59, 4, 0, 100.00%, 21, 0, 7, 273.84
1713074216, 188, 17, 59, 4, 0, 100.00%, 21, 0, 7, 290.40
1713074221, 188, 26, 59, 4, 0, 100.00%, 21, 0, 7, 278.09
1713074226, 188, 36, 59, 4, 0, 100.00%, 21, 0, 7, 272.27
1713074232, 189, 16, 59, 4, 0, 100.00%, 21, 0, 7, 301.41
1713074237, 189, 33, 59, 4, 0, 100.00%, 21, 0, 7, 276.75
1713074242, 189, 55, 59, 4, 0, 100.00%, 21, 0, 7, 315.98
1713074247, 190, 3, 59, 4, 0, 100.00%, 21, 0, 7, 297.68
1713074252, 190, 24, 59, 4, 0, 100.00%, 21, 0, 7, 290.35
1713074257, 190, 31, 59, 4, 0, 100.00%, 21, 0, 7, 264.86
1713074262, 190, 48, 59, 4, 0, 100.00%, 21, 0, 7, 283.41
1713074267, 191, 16, 59, 4, 0, 100.00%, 21, 0, 7, 276.21
1713074273, 191, 33, 59, 4, 0, 100.00%, 21, 0, 7, 260.63
1713074278, 191, 42, 59, 4, 0, 100.00%, 21, 0, 7, 285.26
1713074283, 192, 14, 59, 4, 0, 100.00%, 21, 0, 7, 287.20
1713074288, 192, 31, 59, 4, 0, 100.00%, 21, 0, 7, 270.18
1713074293, 193, 3, 59, 4, 0, 100.00%, 21, 0, 7, 302.26
1713074298, 193, 24, 59, 4, 0, 100.00%, 21, 0, 7, 264.64
1713074303, 193, 31, 59, 4, 0, 100.00%, 21, 0, 7, 260.81
1713074308, 194, 3, 59, 4, 0, 100.00%, 21, 0, 7, 287.10
1713074313, 194, 16, 59, 4, 0, 100.00%, 21, 0, 7, 293.28
1713074318, 194, 33, 59, 4, 0, 100.00%, 21, 0, 7, 290.94
1713074323, 195, 6, 59, 4, 0, 100.00%, 21, 0, 7, 308.75
1713074328, 195, 16, 59, 4, 0, 100.00%, 21, 0, 7, 273.72
1713074333, 195, 31, 59, 4, 0, 100.00%, 21, 0, 7, 272.11
1713074339, 195, 39, 59, 4, 0, 100.00%, 21, 0, 7, 284.00
1713074344, 196, 14, 59, 4, 0, 100.00%, 21, 0, 7, 308.65
1713074349, 196, 31, 59, 4, 0, 100.00%, 21, 0, 7, 290.58
1713074354, 196, 41, 59, 4, 0, 100.00%, 21, 0, 7, 299.09
1713074359, 197, 9, 59, 4, 0, 100.00%, 21, 0, 7, 341.50
1713074364, 197, 30, 59, 4, 0, 100.00%, 21, 0, 7, 288.78
1713074369, 197, 48, 59, 4, 0, 100.00%, 21, 0, 7, 271.06
1713074375, 198, 24, 59, 4, 0, 100.00%, 21, 0, 7, 277.61
1713074380, 198, 33, 59, 4, 0, 100.00%, 21, 0, 7, 310.02
1713074420, 199, 6, 59, 4, 0, 100.00%, 21, 0, 7, 361.69
1713074425, 199, 24, 59, 4, 0, 100.00%, 21, 0, 7, 319.42
1713074430, 199, 34, 59, 4, 0, 100.00%, 21, 0, 7, 297.76
1713074436, 200, 14, 59, 4, 0, 100.00%, 21, 0, 7, 334.54
1713074441, 200, 16, 59, 4, 0, 100.00%, 21, 0, 7, 357.06
1713074471, 200, 18, 59, 4, 0, 100.00%, 21, 0, 7, 372.16
1713074476, 200, 31, 59, 4, 0, 100.00%, 21, 0, 7, 308.43
1713074481, 201, 6, 59, 4, 0, 100.00%, 21, 0, 7, 322.23
1713074486, 201, 26, 59, 4, 0, 100.00%, 21, 0, 7, 271.60
1713074491, 201, 48, 59, 4, 0, 100.00%, 21, 0, 7, 320.43
1713074497, 202, 14, 59, 4, 0, 100.00%, 21, 0, 7, 342.45
1713074502, 202, 30, 59, 4, 0, 100.00%, 21, 0, 7, 307.56
1713074507, 203, 2, 59, 4, 0, 100.00%, 21, 0, 7, 344.97
1713074512, 203, 14, 59, 4, 0, 100.00%, 21, 0, 7, 306.95
1713074517, 203, 30, 59, 4, 0, 100.00%, 21, 0, 7, 286.70
1713074522, 203, 47, 59, 4, 0, 100.00%, 21, 0, 7, 359.08
1713074527, 204, 9, 59, 4, 0, 100.00%, 21, 0, 7, 328.27
1713074532, 204, 27, 59, 4, 0, 100.00%, 21, 0, 7, 293.76
1713074537, 204, 41, 59, 4, 0, 100.00%, 21, 0, 7, 315.15
1713074542, 205, 7, 59, 4, 0, 100.00%, 21, 0, 7, 323.03
1713074547, 205, 24, 59, 4, 0, 100.00%, 21, 0, 7, 316.76
1713074593, 205, 33, 59, 4, 0, 100.00%, 21, 0, 7, 310.16
1713074598, 206, 6, 59, 4, 0, 100.00%, 21, 0, 7, 339.46
1713074603, 206, 30, 59, 4, 0, 100.00%, 21, 0, 7, 321.76
1713074608, 206, 48, 59, 4, 0, 100.00%, 21, 0, 7, 335.41
1713074613, 207, 14, 59, 4, 0, 100.00%, 21, 0, 7, 312.64
1713074618, 207, 26, 59, 4, 0, 100.00%, 21, 0, 7, 248.53
1713074623, 207, 36, 59, 4, 0, 100.00%, 21, 0, 7, 232.84
1713074629, 208, 6, 59, 4, 0, 100.00%, 21, 0, 7, 228.81
1713074634, 208, 24, 59, 4, 0, 100.00%, 21, 0, 7, 247.47
1713074639, 208, 33, 59, 4, 0, 100.00%, 21, 0, 7, 214.78
1713074644, 208, 48, 59, 4, 0, 100.00%, 21, 0, 7, 251.07
1713074649, 209, 5, 59, 4, 0, 100.00%, 21, 0, 7, 222.94
1713074654, 209, 24, 59, 4, 0, 100.00%, 21, 0, 7, 238.54
1713074659, 209, 31, 59, 4, 0, 100.00%, 21, 0, 7, 230.63
1713074664, 209, 48, 59, 4, 0, 100.00%, 21, 0, 7, 227.40
1713074669, 210, 14, 59, 4, 0, 100.00%, 21, 0, 7, 253.54
1713074675, 210, 27, 59, 4, 0, 100.00%, 21, 0, 7, 226.91
1713074680, 210, 32, 59, 4, 0, 100.00%, 21, 0, 7, 236.65
1713074685, 210, 36, 59, 4, 0, 100.00%, 21, 0, 7, 215.66
1713074690, 211, 3, 59, 4, 0, 100.00%, 21, 0, 7, 228.33
1713074695, 211, 24, 59, 4, 0, 100.00%, 21, 0, 7, 234.99
1713074700, 211, 31, 59, 4, 0, 100.00%, 21, 0, 7, 209.54
1713074705, 211, 47, 59, 4, 0, 100.00%, 21, 0, 7, 242.44
1713074710, 212, 14, 59, 4, 0, 100.00%, 21, 0, 7, 252.37
1713074715, 212, 15, 59, 4, 0, 100.00%, 21, 0, 7, 246.83
1713074721, 212, 30, 59, 4, 0, 100.00%, 21, 0, 7, 229.00
1713074726, 212, 36, 59, 4, 0, 100.00%, 21, 0, 7, 224.23
1713074731, 212, 56, 59, 4, 0, 100.00%, 21, 0, 7, 258.92
1713074741, 213, 16, 59, 4, 0, 100.00%, 21, 0, 7, 244.20
1713074746, 213, 30, 59, 4, 0, 100.00%, 21, 0, 7, 217.45
1713074751, 213, 34, 59, 4, 0, 100.00%, 21, 0, 7, 221.15
1713074756, 214, 6, 59, 4, 0, 100.00%, 21, 0, 7, 233.24
1713074761, 214, 17, 59, 4, 0, 100.00%, 21, 0, 7, 221.68
1713074767, 214, 30, 59, 4, 0, 100.00%, 21, 0, 7, 223.53
1713074772, 214, 36, 59, 4, 0, 100.00%, 21, 0, 7, 228.33
1713074777, 215, 6, 59, 4, 0, 100.00%, 21, 0, 7, 252.79
1713074782, 215, 24, 59, 4, 0, 100.00%, 21, 0, 7, 259.65
1713074787, 215, 33, 59, 4, 0, 100.00%, 21, 0, 7, 206.71
1713074792, 215, 40, 59, 4, 0, 100.00%, 21, 0, 7, 242.85
1713074797, 216, 6, 59, 4, 0, 100.00%, 21, 0, 7, 262.73
1713074802, 216, 22, 59, 4, 0, 100.00%, 21, 0, 7, 213.71
1713074807, 216, 31, 59, 4, 0, 100.00%, 21, 0, 7, 229.56
1713074812, 217, 3, 59, 4, 0, 100.00%, 21, 0, 7, 253.44
1713074817, 217, 16, 59, 4, 0, 100.00%, 21, 0, 7, 246.67
1713074822, 217, 26, 59, 4, 0, 100.00%, 21, 0, 7, 264.10
1713074828, 217, 36, 59, 4, 0, 100.00%, 21, 0, 7, 252.07
1713074833, 218, 3, 59, 4, 0, 100.00%, 21, 0, 7, 280.61
1713074838, 218, 14, 59, 4, 0, 100.00%, 21, 0, 7, 245.25
1713074843, 218, 30, 59, 4, 0, 100.00%, 21, 0, 7, 248.41
1713074848, 218, 48, 59, 4, 0, 100.00%, 21, 0, 7, 263.41
1713074853, 219, 6, 59, 4, 0, 100.00%, 21, 0, 7, 280.18
1713074899, 219, 14, 59, 4, 0, 100.00%, 21, 0, 7, 271.31
1713074904, 219, 30, 59, 4, 0, 100.00%, 21, 0, 7, 246.27
1713074909, 219, 48, 59, 4, 0, 100.00%, 21, 0, 7, 256.00
1713074914, 220, 14, 59, 4, 0, 100.00%, 21, 0, 7, 267.00
1713074919, 220, 30, 59, 4, 0, 100.00%, 21, 0, 7, 233.01
1713074924, 220, 36, 59, 4, 0, 100.00%, 21, 0, 7, 241.80
1713074929, 220, 48, 59, 4, 0, 100.00%, 21, 0, 7, 350.51
1713074960, 221, 6, 59, 4, 0, 100.00%, 21, 0, 7, 293.29
1713074965, 221, 26, 59, 4, 0, 100.00%, 21, 0, 7, 249.81
1713074970, 221, 34, 59, 4, 0, 100.00%, 21, 0, 7, 232.81
1713074975, 222, 9, 59, 4, 0, 100.00%, 21, 0, 7, 244.62
1713074981, 222, 26, 59, 4, 0, 100.00%, 21, 0, 7, 242.89
1713074986, 222, 31, 59, 4, 0, 100.00%, 21, 0, 7, 279.15
1713075036, 223, 0, 59, 4, 0, 100.00%, 21, 0, 7, 281.35
1713075041, 223, 14, 59, 4, 0, 100.00%, 21, 0, 7, 236.66
1713075046, 223, 30, 59, 4, 0, 100.00%, 21, 0, 7, 229.18
1713075051, 223, 36, 59, 4, 0, 100.00%, 21, 0, 7, 213.71
1713075056, 224, 9, 59, 4, 0, 100.00%, 21, 0, 7, 229.81
1713075062, 224, 14, 59, 4, 0, 100.00%, 21, 0, 7, 308.75
1713075097, 224, 16, 59, 4, 0, 100.00%, 21, 0, 7, 300.86
1713075102, 224, 31, 59, 4, 0, 100.00%, 21, 0, 7, 271.95
1713075108, 225, 3, 59, 4, 0, 100.00%, 21, 0, 7, 269.73
1713075113, 225, 24, 59, 4, 0, 100.00%, 21, 0, 7, 274.40
1713075118, 225, 33, 59, 4, 0, 100.00%, 21, 0, 7, 248.46
1713075123, 225, 56, 59, 4, 0, 100.00%, 21, 0, 7, 246.78
1713075128, 226, 6, 59, 4, 0, 100.00%, 21, 0, 7, 257.77
1713075133, 226, 26, 59, 4, 0, 100.00%, 21, 0, 7, 256.17
1713075138, 226, 36, 59, 4, 0, 100.00%, 21, 0, 7, 253.07
1713075143, 227, 9, 59, 4, 0, 100.00%, 21, 0, 7, 262.63
1713075148, 227, 30, 59, 4, 0, 100.00%, 21, 0, 7, 268.95
1713075153, 227, 39, 59, 4, 0, 100.00%, 21, 0, 7, 261.00
1713075158, 228, 9, 59, 4, 0, 100.00%, 21, 0, 7, 289.01
1713075163, 228, 26, 59, 4, 0, 100.00%, 21, 0, 7, 274.91
1713075168, 228, 36, 59, 4, 0, 100.00%, 21, 0, 7, 266.03
1713075173, 229, 16, 59, 4, 0, 100.00%, 21, 0, 7, 279.75
1713075178, 229, 26, 59, 4, 0, 100.00%, 21, 0, 7, 259.43
1713075184, 229, 33, 59, 4, 0, 100.00%, 21, 0, 7, 266.56
1713075189, 230, 3, 59, 4, 0, 100.00%, 21, 0, 7, 263.77
1713075194, 230, 23, 59, 4, 0, 100.00%, 21, 0, 7, 274.80
1713075199, 230, 31, 59, 4, 0, 100.00%, 21, 0, 7, 268.41
1713075204, 231, 3, 59, 4, 0, 100.00%, 21, 0, 7, 283.43
1713075209, 231, 5, 59, 4, 0, 100.00%, 21, 0, 7, 286.00
1713075214, 231, 16, 59, 4, 0, 100.00%, 21, 0, 7, 279.25
1713075220, 231, 31, 59, 4, 0, 100.00%, 21, 0, 7, 278.71
1713075225, 231, 48, 59, 4, 0, 100.00%, 21, 0, 7, 294.84
1713075230, 232, 16, 59, 4, 0, 100.00%, 21, 0, 7, 267.44
1713075235, 232, 31, 59, 4, 0, 100.00%, 21, 0, 7, 224.83
1713075240, 232, 37, 59, 4, 0, 100.00%, 21, 0, 7, 229.81
1713075245, 233, 6, 59, 4, 0, 100.00%, 21, 0, 7, 280.67
1713075250, 233, 24, 59, 4, 0, 100.00%, 21, 0, 7, 275.28
1713075255, 233, 34, 59, 4, 0, 100.00%, 21, 0, 7, 250.15
1713075260, 234, 9, 59, 4, 0, 100.00%, 21, 0, 7, 276.82
1713075265, 234, 29, 59, 4, 0, 100.00%, 21, 0, 7, 271.65
1713075271, 234, 30, 59, 4, 0, 100.00%, 21, 0, 7, 330.11
1713075311, 234, 50, 59, 4, 0, 100.00%, 21, 0, 7, 352.65
1713075316, 235, 16, 59, 4, 0, 100.00%, 21, 0, 7, 283.65
1713075321, 235, 33, 59, 4, 0, 100.00%, 21, 0, 7, 274.37
1713075326, 236, 3, 59, 4, 0, 100.00%, 21, 0, 7, 306.05
1713075331, 236, 16, 59, 4, 0, 100.00%, 21, 0, 7, 283.21
1713075336, 236, 30, 59, 4, 0, 100.00%, 21, 0, 7, 248.45
1713075341, 236, 48, 59, 4, 0, 100.00%, 21, 0, 7, 272.36
1713075346, 237, 15, 59, 4, 0, 100.00%, 21, 0, 7, 261.67
1713075352, 237, 26, 59, 4, 0, 100.00%, 21, 0, 7, 246.30
1713075357, 237, 48, 59, 4, 0, 100.00%, 21, 0, 7, 284.28
1713075362, 238, 24, 59, 4, 0, 100.00%, 21, 0, 7, 301.61
1713075367, 238, 33, 59, 4, 0, 100.00%, 21, 0, 7, 271.09
1713075372, 239, 6, 59, 4, 0, 100.00%, 21, 0, 7, 292.53
1713075377, 239, 24, 59, 4, 0, 100.00%, 21, 0, 7, 273.10
1713075382, 239, 31, 59, 4, 0, 100.00%, 21, 0, 7, 267.62
1713075387, 239, 38, 59, 4, 0, 100.00%, 21, 0, 7, 336.92
1713075392, 240, 9, 59, 4, 0, 100.00%, 21, 0, 7, 298.36
1713075398, 240, 30, 59, 4, 0, 100.00%, 21, 0, 7, 317.63
1713075403, 241, 3, 59, 4, 0, 100.00%, 21, 0, 7, 315.54
1713075408, 241, 16, 59, 4, 0, 100.00%, 21, 0, 7, 310.41
1713075413, 241, 21, 59, 4, 0, 100.00%, 21, 0, 7, 278.65
1713075418, 241, 24, 59, 4, 0, 100.00%, 21, 0, 7, 272.93
1713075423, 241, 34, 59, 4, 0, 100.00%, 21, 0, 7, 263.29
1713075428, 241, 56, 59, 4, 0, 100.00%, 21, 0, 7, 284.60
1713075433, 242, 14, 59, 4, 0, 100.00%, 21, 0, 7, 276.67
1713075438, 242, 31, 59, 4, 0, 100.00%, 21, 0, 7, 276.48
1713075443, 243, 4, 59, 4, 0, 100.00%, 21, 0, 7, 313.78
1713075448, 243, 16, 59, 4, 0, 100.00%, 21, 0, 7, 279.39
1713075453, 243, 33, 59, 4, 0, 100.00%, 21, 0, 7, 287.66
1713075459, 244, 3, 59, 4, 0, 100.00%, 21, 0, 7, 276.85
1713075464, 244, 20, 59, 4, 0, 100.00%, 21, 0, 7, 281.88
1713075469, 244, 31, 59, 4, 0, 100.00%, 21, 0, 7, 274.09
1713075474, 244, 48, 59, 4, 0, 100.00%, 21, 0, 7, 310.63
1713075479, 245, 22, 59, 4, 0, 100.00%, 21, 0, 7, 282.14
1713075484, 245, 30, 59, 4, 0, 100.00%, 21, 0, 7, 267.28
1713075489, 245, 36, 59, 4, 0, 100.00%, 21, 0, 7, 268.25
1713075494, 246, 16, 59, 4, 0, 100.00%, 21, 0, 7, 291.02
1713075499, 246, 30, 59, 4, 0, 100.00%, 21, 0, 7, 267.42
1713075504, 246, 39, 59, 4, 0, 100.00%, 21, 0, 7, 280.15
1713075510, 247, 16, 59, 4, 0, 100.00%, 21, 0, 7, 324.62
1713075515, 247, 33, 59, 4, 0, 100.00%, 21, 0, 7, 285.98
1713075520, 248, 3, 59, 4, 0, 100.00%, 21, 0, 7, 302.29
1713075525, 248, 12, 59, 4, 0, 100.00%, 21, 0, 7, 293.88
1713075530, 248, 26, 59, 4, 0, 100.00%, 21, 0, 7, 267.69
1713075535, 248, 36, 59, 4, 0, 100.00%, 21, 0, 7, 289.37
1713075540, 249, 16, 59, 4, 0, 100.00%, 21, 0, 7, 290.86
1713075545, 249, 31, 59, 4, 0, 100.00%, 21, 0, 7, 281.52
1713075550, 250, 6, 59, 4, 0, 100.00%, 21, 0, 7, 282.01
1713075555, 250, 26, 59, 4, 0, 100.00%, 21, 0, 7, 259.42
1713075560, 250, 36, 59, 4, 0, 100.00%, 21, 0, 7, 282.44
1713075565, 251, 16, 59, 4, 0, 100.00%, 21, 0, 7, 313.38
1713075571, 251, 30, 59, 4, 0, 100.00%, 21, 0, 7, 257.90
1713075576, 251, 37, 59, 4, 0, 100.00%, 21, 0, 7, 284.23
1713075581, 251, 57, 59, 4, 0, 100.00%, 21, 0, 7, 301.79
1713075586, 252, 14, 59, 4, 0, 100.00%, 21, 0, 7, 280.93
1713075591, 252, 30, 59, 4, 0, 100.00%, 21, 0, 7, 261.43
1713075596, 252, 48, 59, 4, 0, 100.00%, 21, 0, 7, 284.59
1713075601, 253, 16, 59, 4, 0, 100.00%, 21, 0, 7, 322.58
1713075606, 253, 24, 59, 4, 0, 100.00%, 21, 0, 7, 287.68
1713075611, 253, 33, 59, 4, 0, 100.00%, 21, 0, 7, 275.26
1713075616, 254, 3, 59, 4, 0, 100.00%, 21, 0, 7, 320.17
1713075622, 254, 24, 59, 4, 0, 100.00%, 21, 0, 7, 289.37
1713075627, 254, 34, 59, 4, 0, 100.00%, 21, 0, 7, 272.77
1713075632, 255, 3, 59, 4, 0, 100.00%, 21, 0, 7, 343.47
1713075677, 255, 26, 59, 4, 0, 100.00%, 21, 0, 7, 322.14
1713075682, 255, 36, 59, 4, 0, 100.00%, 21, 0, 7, 305.96
1713075687, 256, 14, 59, 4, 0, 100.00%, 21, 0, 7, 333.47
1713075692, 256, 31, 59, 4, 0, 100.00%, 21, 0, 7, 292.42
1713075698, 256, 43, 59, 4, 0, 100.00%, 21, 0, 7, 277.59
1713075703, 257, 6, 59, 4, 0, 100.00%, 21, 0, 7, 294.47
1713075708, 257, 30, 59, 4, 0, 100.00%, 21, 0, 7, 299.55
1713075713, 258, 3, 59, 4, 0, 100.00%, 21, 0, 7, 308.78
1713075718, 258, 16, 59, 4, 0, 100.00%, 21, 0, 7, 307.27
1713075723, 258, 31, 59, 4, 0, 100.00%, 21, 0, 7, 284.44
1713075728, 259, 3, 59, 4, 0, 100.00%, 21, 0, 7, 316.88
1713075733, 259, 24, 59, 4, 0, 100.00%, 21, 0, 7, 303.67
1713075738, 259, 36, 59, 4, 0, 100.00%, 21, 0, 7, 312.31
1713075743, 260, 11, 59, 4, 0, 100.00%, 21, 0, 7, 324.63
1713075748, 260, 30, 59, 4, 0, 100.00%, 21, 0, 7, 305.22
1713075753, 260, 48, 59, 4, 0, 100.00%, 21, 0, 7, 315.33
1713075758, 261, 14, 59, 4, 0, 100.00%, 21, 0, 7, 326.47
1713075764, 261, 28, 59, 4, 0, 100.00%, 21, 0, 7, 299.73
1713075769, 261, 44, 59, 4, 0, 100.00%, 21, 0, 7, 309.78
1713075774, 262, 9, 59, 4, 0, 100.00%, 21, 0, 7, 332.23
1713075779, 262, 26, 59, 4, 0, 100.00%, 21, 0, 7, 294.62
1713075784, 262, 36, 59, 4, 0, 100.00%, 21, 0, 7, 295.99
1713075789, 263, 14, 59, 4, 0, 100.00%, 21, 0, 7, 313.38
1713075794, 263, 30, 59, 4, 0, 100.00%, 21, 0, 7, 278.54
1713075799, 263, 36, 59, 4, 0, 100.00%, 21, 0, 7, 329.43
1713075835, 263, 44, 59, 4, 0, 100.00%, 21, 0, 7, 367.08
1713075840, 263, 56, 59, 4, 0, 100.00%, 21, 0, 7, 309.39
1713075845, 264, 16, 59, 4, 0, 100.00%, 21, 0, 7, 326.45
1713075850, 264, 31, 59, 4, 0, 100.00%, 21, 0, 7, 292.55
1713075855, 265, 3, 59, 4, 0, 100.00%, 21, 0, 7, 344.34
1713075860, 265, 22, 59, 4, 0, 100.00%, 21, 0, 7, 311.70
1713075865, 265, 31, 59, 4, 0, 100.00%, 21, 0, 7, 304.59
1713075870, 265, 37, 59, 4, 0, 100.00%, 21, 0, 7, 291.52
1713075875, 266, 16, 59, 4, 0, 100.00%, 21, 0, 7, 308.34
1713075880, 266, 31, 59, 4, 0, 100.00%, 21, 0, 7, 294.08
1713075885, 267, 2, 59, 4, 0, 100.00%, 21, 0, 7, 323.63
1713075891, 267, 16, 59, 4, 0, 100.00%, 21, 0, 7, 304.47
1713075896, 267, 30, 59, 4, 0, 100.00%, 21, 0, 7, 301.78
1713075901, 268, 3, 59, 4, 0, 100.00%, 21, 0, 7, 330.39
1713075906, 268, 26, 59, 4, 0, 100.00%, 21, 0, 7, 314.12
1713075911, 268, 36, 59, 4, 0, 100.00%, 21, 0, 7, 309.36
1713075916, 269, 6, 59, 4, 0, 100.00%, 21, 0, 7, 316.36
1713075921, 269, 26, 59, 4, 0, 100.00%, 21, 0, 7, 307.17
1713075926, 269, 36, 59, 4, 0, 100.00%, 21, 0, 7, 309.08
1713075931, 270, 3, 59, 4, 0, 100.00%, 21, 0, 7, 313.43
1713075936, 270, 24, 59, 4, 0, 100.00%, 21, 0, 7, 305.75
1713075941, 270, 33, 59, 4, 0, 100.00%, 21, 0, 7, 295.95
1713075946, 270, 58, 59, 4, 0, 100.00%, 21, 0, 7, 315.86
1713075951, 271, 16, 59, 4, 0, 100.00%, 21, 0, 7, 304.84
1713075957, 271, 31, 59, 4, 0, 100.00%, 21, 0, 7, 307.71
1713075962, 272, 3, 59, 4, 0, 100.00%, 21, 0, 7, 337.28
1713075967, 272, 16, 59, 4, 0, 100.00%, 21, 0, 7, 293.56
1713075972, 272, 26, 59, 4, 0, 100.00%, 21, 0, 7, 274.63
1713075977, 272, 39, 59, 4, 0, 100.00%, 21, 0, 7, 299.14
1713075982, 273, 5, 59, 4, 0, 100.00%, 21, 0, 7, 294.84
1713075987, 273, 18, 59, 4, 0, 100.00%, 21, 0, 7, 285.86
1713075992, 273, 33, 59, 4, 0, 100.00%, 21, 0, 7, 271.25
1713075998, 274, 6, 59, 4, 0, 100.00%, 21, 0, 7, 279.54
1713076003, 274, 26, 59, 4, 0, 100.00%, 21, 0, 7, 280.96
1713076008, 274, 36, 59, 4, 0, 100.00%, 21, 0, 7, 291.92
1713076013, 275, 3, 59, 4, 0, 100.00%, 21, 0, 7, 299.73
1713076018, 275, 23, 59, 4, 0, 100.00%, 21, 0, 7, 294.69
1713076023, 275, 33, 59, 4, 0, 100.00%, 21, 0, 7, 278.78
1713076028, 276, 3, 59, 4, 0, 100.00%, 21, 0, 7, 278.62
1713076033, 276, 24, 59, 4, 0, 100.00%, 21, 0, 7, 296.49
1713076038, 276, 34, 59, 4, 0, 100.00%, 21, 0, 7, 277.10
1713076043, 277, 6, 59, 4, 0, 100.00%, 21, 0, 7, 287.18
1713076048, 277, 24, 59, 4, 0, 100.00%, 21, 0, 7, 270.34
1713076053, 277, 34, 59, 4, 0, 100.00%, 21, 0, 7, 280.15
1713076058, 278, 4, 59, 4, 0, 100.00%, 21, 0, 7, 281.41
1713076063, 278, 16, 59, 4, 0, 100.00%, 21, 0, 7, 280.75
1713076069, 278, 33, 59, 4, 0, 100.00%, 21, 0, 7, 277.69
1713076074, 278, 48, 59, 4, 0, 100.00%, 21, 0, 7, 251.55
1713076079, 279, 1, 59, 4, 0, 100.00%, 21, 0, 7, 273.01
1713076084, 279, 16, 59, 4, 0, 100.00%, 21, 0, 7, 269.06
1713076089, 279, 33, 59, 4, 0, 100.00%, 21, 0, 7, 275.52
1713076094, 280, 9, 59, 4, 0, 100.00%, 21, 0, 7, 304.93
1713076099, 280, 26, 59, 4, 0, 100.00%, 21, 0, 7, 273.42
1713076104, 280, 36, 59, 4, 0, 100.00%, 21, 0, 7, 258.53
1713076109, 281, 6, 59, 4, 0, 100.00%, 21, 0, 7, 273.30
1713076114, 281, 26, 59, 4, 0, 100.00%, 21, 0, 7, 269.89
1713076120, 281, 34, 59, 4, 0, 100.00%, 21, 0, 7, 256.93
1713076125, 282, 6, 59, 4, 0, 100.00%, 21, 0, 7, 292.84
1713076130, 282, 24, 59, 4, 0, 100.00%, 21, 0, 7, 279.09
1713076135, 282, 26, 59, 4, 0, 100.00%, 21, 0, 7, 316.72
1713076175, 282, 31, 59, 4, 0, 100.00%, 21, 0, 7, 304.07
1713076181, 282, 47, 59, 4, 0, 100.00%, 21, 0, 7, 281.14
1713076186, 283, 16, 59, 4, 0, 100.00%, 21, 0, 7, 271.34
1713076191, 283, 31, 59, 4, 0, 100.00%, 21, 0, 7, 279.54
1713076196, 284, 3, 59, 4, 0, 100.00%, 21, 0, 7, 307.26
1713076201, 284, 9, 59, 4, 0, 100.00%, 21, 0, 7, 322.94
1713076237, 284, 16, 60, 5, 0, 100.00%, 21, 0, 7, 322.72
1713076242, 284, 31, 60, 5, 0, 100.00%, 21, 0, 7, 262.61
1713076247, 285, 6, 60, 5, 0, 100.00%, 21, 0, 7, 273.69
1713076252, 285, 16, 60, 5, 0, 100.00%, 21, 0, 7, 259.00
1713076257, 285, 31, 60, 5, 0, 100.00%, 21, 0, 7, 239.56
1713076262, 285, 50, 60, 5, 0, 100.00%, 21, 0, 7, 325.69
1713076267, 286, 16, 60, 5, 0, 100.00%, 21, 0, 7, 308.20
1713076273, 286, 31, 60, 5, 0, 100.00%, 21, 0, 7, 267.41
1713076278, 286, 55, 60, 5, 0, 100.00%, 21, 0, 7, 290.97
1713076283, 286, 56, 60, 5, 0, 100.00%, 21, 0, 7, 283.57
1713076288, 287, 16, 60, 5, 0, 100.00%, 21, 0, 7, 253.54
1713076293, 287, 30, 60, 5, 0, 100.00%, 21, 0, 7, 253.00
1713076298, 287, 31, 60, 5, 0, 100.00%, 21, 0, 7, 275.45
1713076339, 287, 36, 60, 5, 0, 100.00%, 21, 0, 7, 330.56
1713076344, 287, 56, 60, 5, 0, 100.00%, 21, 0, 7, 302.98
1713076349, 288, 16, 60, 5, 0, 100.00%, 21, 0, 7, 280.06
1713076354, 288, 33, 60, 5, 0, 100.00%, 21, 0, 7, 273.11
1713076359, 289, 0, 60, 5, 0, 100.00%, 21, 0, 7, 292.83
1713076364, 289, 12, 60, 5, 0, 100.00%, 21, 0, 7, 302.92
1713076369, 289, 26, 60, 5, 0, 100.00%, 21, 0, 7, 288.60
1713076375, 289, 36, 60, 5, 0, 100.00%, 21, 0, 7, 273.11
1713076380, 290, 14, 60, 5, 0, 100.00%, 21, 0, 7, 294.86
1713076385, 290, 31, 60, 5, 0, 100.00%, 21, 0, 7, 279.49
1713076390, 291, 6, 60, 5, 0, 100.00%, 21, 0, 7, 301.96
1713076395, 291, 24, 60, 5, 0, 100.00%, 21, 0, 7, 280.70
1713076400, 291, 34, 60, 5, 0, 100.00%, 21, 0, 7, 304.15
1713076405, 292, 8, 60, 5, 0, 100.00%, 21, 0, 7, 322.97
1713076410, 292, 25, 60, 5, 0, 100.00%, 21, 0, 7, 309.78
1713076415, 292, 34, 60, 5, 0, 100.00%, 21, 0, 7, 292.18
1713076456, 293, 3, 60, 5, 0, 100.00%, 21, 0, 7, 338.09
1713076461, 293, 16, 60, 5, 0, 100.00%, 21, 0, 7, 302.57
1713076466, 293, 33, 60, 5, 0, 100.00%, 21, 0, 7, 298.64
1713076471, 293, 57, 60, 5, 0, 100.00%, 21, 0, 7, 297.46
1713076476, 294, 14, 60, 5, 0, 100.00%, 21, 0, 7, 281.61
1713076482, 294, 24, 60, 5, 0, 100.00%, 21, 0, 7, 303.86
1713076487, 294, 33, 60, 5, 0, 100.00%, 21, 0, 7, 285.63
1713076492, 295, 6, 60, 5, 0, 100.00%, 21, 0, 7, 293.28
1713076497, 295, 26, 60, 5, 0, 100.00%, 21, 0, 7, 282.21
1713076502, 295, 36, 60, 5, 0, 100.00%, 21, 0, 7, 295.78
1713076507, 296, 3, 60, 5, 0, 100.00%, 21, 0, 7, 310.79
1713076512, 296, 24, 60, 5, 0, 100.00%, 21, 0, 7, 270.74
1713076517, 296, 33, 60, 5, 0, 100.00%, 21, 0, 7, 284.55
1713076522, 297, 6, 60, 5, 0, 100.00%, 21, 0, 7, 291.91
1713076527, 297, 24, 60, 5, 0, 100.00%, 21, 0, 7, 265.95
1713076533, 297, 34, 60, 5, 0, 100.00%, 21, 0, 7, 281.94
1713076538, 298, 3, 60, 5, 0, 100.00%, 21, 0, 7, 289.00
1713076543, 298, 19, 60, 5, 0, 100.00%, 21, 0, 7, 308.42
1713076548, 298, 31, 60, 5, 0, 100.00%, 21, 0, 7, 294.57
1713076553, 299, 6, 60, 5, 0, 100.00%, 21, 0, 7, 295.93
1713076558, 299, 18, 60, 5, 0, 100.00%, 21, 0, 7, 297.49
1713076563, 299, 31, 60, 5, 0, 100.00%, 21, 0, 7, 279.76
1713076568, 299, 58, 60, 5, 0, 100.00%, 21, 0, 7, 287.12
1713076573, 300, 16, 60, 5, 0, 100.00%, 21, 0, 7, 296.62
1713076578, 300, 27, 60, 5, 0, 100.00%, 21, 0, 7, 241.80
1713076583, 300, 36, 60, 5, 0, 100.00%, 21, 0, 7, 266.54
1713076588, 301, 6, 60, 5, 0, 100.00%, 21, 0, 7, 293.29
1713076593, 301, 25, 60, 5, 0, 100.00%, 21, 0, 7, 271.14
1713076599, 301, 34, 60, 5, 0, 100.00%, 21, 0, 7, 288.78
1713076604, 302, 9, 60, 5, 0, 100.00%, 21, 0, 7, 336.94
1713076609, 302, 30, 60, 5, 0, 100.00%, 21, 0, 7, 269.33
1713076614, 302, 40, 60, 5, 0, 100.00%, 21, 0, 7, 286.82
1713076619, 303, 6, 60, 5, 0, 100.00%, 21, 0, 7, 321.59
1713076624, 303, 30, 60, 5, 0, 100.00%, 21, 0, 7, 304.66
1713076629, 303, 39, 60, 5, 0, 100.00%, 21, 0, 7, 295.28
1713076634, 304, 9, 60, 5, 0, 100.00%, 21, 0, 7, 299.44
1713076639, 304, 21, 60, 5, 0, 100.00%, 21, 0, 7, 315.23
1713076644, 304, 33, 60, 5, 0, 100.00%, 21, 0, 7, 282.10
1713076650, 305, 3, 60, 5, 0, 100.00%, 21, 0, 7, 306.76
1713076655, 305, 26, 60, 5, 0, 100.00%, 21, 0, 7, 290.16
1713076660, 305, 36, 60, 5, 0, 100.00%, 21, 0, 7, 295.64
1713076665, 306, 14, 60, 5, 0, 100.00%, 21, 0, 7, 292.72
1713076670, 306, 31, 60, 5, 0, 100.00%, 21, 0, 7, 284.36
1713076675, 307, 3, 60, 5, 0, 100.00%, 21, 0, 7, 305.19
1713076680, 307, 24, 60, 5, 0, 100.00%, 21, 0, 7, 301.82
1713076685, 307, 34, 60, 5, 0, 100.00%, 21, 0, 7, 288.23
1713076690, 307, 48, 60, 5, 0, 100.00%, 21, 0, 7, 307.07
1713076695, 308, 16, 60, 5, 0, 100.00%, 21, 0, 7, 283.64
1713076700, 308, 26, 60, 5, 0, 100.00%, 21, 0, 7, 259.61
1713076706, 308, 37, 60, 5, 0, 100.00%, 21, 0, 7, 282.85
1713076711, 309, 7, 60, 5, 0, 100.00%, 21, 0, 7, 304.60
1713076716, 309, 24, 60, 5, 0, 100.00%, 21, 0, 7, 296.48
1713076762, 309, 33, 60, 5, 0, 100.00%, 21, 0, 7, 294.60
1713076767, 310, 4, 60, 5, 0, 100.00%, 21, 0, 7, 281.29
1713076772, 310, 24, 60, 5, 0, 100.00%, 21, 0, 7, 270.39
1713076777, 310, 33, 60, 5, 0, 100.00%, 21, 0, 7, 258.99
1713076782, 311, 1, 60, 5, 0, 100.00%, 21, 0, 7, 299.29
1713076787, 311, 5, 60, 5, 0, 100.00%, 21, 0, 7, 295.60
1713076792, 311, 16, 60, 5, 0, 100.00%, 21, 0, 7, 296.10
1713076797, 311, 33, 60, 5, 0, 100.00%, 21, 0, 7, 285.59
1713076802, 311, 48, 60, 5, 0, 100.00%, 21, 0, 7, 282.74
1713076807, 312, 14, 60, 5, 0, 100.00%, 21, 0, 7, 299.01
1713076812, 312, 30, 60, 5, 0, 100.00%, 21, 0, 7, 281.35
1713076817, 312, 37, 60, 5, 0, 100.00%, 21, 0, 7, 267.18
1713076823, 313, 9, 60, 5, 0, 100.00%, 21, 0, 7, 284.53
1713076828, 313, 26, 60, 5, 0, 100.00%, 21, 0, 7, 265.47
1713076833, 313, 34, 60, 5, 0, 100.00%, 21, 0, 7, 252.72
1713076838, 313, 44, 60, 5, 0, 100.00%, 21, 0, 7, 232.74
1713076843, 314, 9, 60, 5, 0, 100.00%, 21, 0, 7, 268.74
1713076848, 314, 27, 60, 5, 0, 100.00%, 21, 0, 7, 291.17
1713076853, 314, 31, 60, 5, 0, 100.00%, 21, 0, 7, 287.30
1713076858, 315, 3, 60, 5, 0, 100.00%, 21, 0, 7, 315.89
1713076863, 315, 24, 60, 5, 0, 100.00%, 21, 0, 7, 279.49
1713076868, 315, 34, 60, 5, 0, 100.00%, 21, 0, 7, 313.68
1713076873, 316, 8, 60, 5, 0, 100.00%, 21, 0, 7, 326.67
1713076878, 316, 24, 60, 5, 0, 100.00%, 21, 0, 7, 311.67
1713076883, 316, 34, 60, 5, 0, 100.00%, 21, 0, 7, 317.15
1713076889, 317, 14, 60, 5, 0, 100.00%, 21, 0, 7, 332.70
1713076894, 317, 33, 60, 5, 0, 100.00%, 21, 0, 7, 315.78
1713076899, 318, 3, 60, 5, 0, 100.00%, 21, 0, 7, 323.46
1713076904, 318, 23, 60, 5, 0, 100.00%, 21, 0, 7, 316.02
1713076909, 318, 34, 60, 5, 0, 100.00%, 21, 0, 7, 313.77
1713076914, 319, 9, 60, 5, 0, 100.00%, 21, 0, 7, 302.83
1713076919, 319, 30, 60, 5, 0, 100.00%, 21, 0, 7, 332.75
1713076960, 320, 3, 60, 5, 0, 100.00%, 21, 0, 7, 352.59
1713076965, 320, 24, 60, 5, 0, 100.00%, 21, 0, 7, 306.38
1713076970, 320, 34, 60, 5, 0, 100.00%, 21, 0, 7, 315.57
1713076975, 321, 11, 60, 5, 0, 100.00%, 21, 0, 7, 315.12
1713076980, 321, 31, 60, 5, 0, 100.00%, 21, 0, 7, 304.75
1713076985, 322, 3, 60, 5, 0, 100.00%, 21, 0, 7, 344.86
1713076990, 322, 24, 60, 5, 0, 100.00%, 21, 0, 7, 303.10
1713076995, 322, 34, 60, 5, 0, 100.00%, 21, 0, 7, 315.19
1713077000, 323, 9, 60, 5, 0, 100.00%, 21, 0, 7, 344.94
1713077006, 323, 31, 60, 5, 0, 100.00%, 21, 0, 7, 308.47
1713077011, 324, 6, 60, 5, 0, 100.00%, 21, 0, 7, 332.59
1713077016, 324, 18, 60, 5, 0, 100.00%, 21, 0, 7, 309.64
1713077021, 324, 33, 60, 5, 0, 100.00%, 21, 0, 7, 324.58
1713077057, 324, 34, 60, 5, 0, 100.00%, 21, 0, 7, 393.85
1713077062, 325, 3, 60, 5, 0, 100.00%, 21, 0, 7, 313.09
1713077067, 325, 24, 60, 5, 0, 100.00%, 21, 0, 7, 298.46
1713077072, 325, 34, 60, 5, 0, 100.00%, 21, 0, 7, 294.47
1713077077, 326, 14, 60, 5, 0, 100.00%, 21, 0, 7, 345.58
1713077113, 326, 26, 60, 5, 0, 100.00%, 21, 0, 7, 336.17
1713077118, 326, 48, 60, 5, 0, 100.00%, 21, 0, 7, 331.42
1713077123, 327, 9, 60, 5, 0, 100.00%, 21, 0, 7, 343.87
1713077128, 327, 31, 60, 5, 0, 100.00%, 21, 0, 7, 317.18
1713077133, 328, 3, 60, 5, 0, 100.00%, 21, 0, 7, 329.91
1713077138, 328, 26, 60, 5, 0, 100.00%, 21, 0, 7, 321.39
1713077143, 328, 34, 60, 5, 0, 100.00%, 21, 0, 7, 334.56
1713077148, 329, 9, 60, 5, 0, 100.00%, 21, 0, 7, 313.56
1713077153, 329, 30, 60, 5, 0, 100.00%, 21, 0, 7, 278.89
1713077158, 329, 36, 60, 5, 0, 100.00%, 21, 0, 7, 352.30
1713077194, 329, 48, 60, 5, 0, 100.00%, 21, 0, 7, 391.08
1713077199, 330, 24, 60, 5, 0, 100.00%, 21, 0, 7, 322.88
1713077204, 330, 33, 60, 5, 0, 100.00%, 21, 0, 7, 296.66
1713077209, 330, 56, 60, 5, 0, 100.00%, 21, 0, 7, 303.30
1713077214, 331, 9, 60, 5, 0, 100.00%, 21, 0, 7, 270.35
1713077220, 331, 26, 60, 5, 0, 100.00%, 21, 0, 7, 281.39
1713077225, 331, 36, 60, 5, 0, 100.00%, 21, 0, 7, 311.34
1713077230, 332, 16, 60, 5, 0, 100.00%, 21, 0, 7, 308.85
1713077235, 332, 27, 60, 5, 0, 100.00%, 21, 0, 7, 294.53
1713077240, 332, 36, 60, 5, 0, 100.00%, 21, 0, 7, 295.51
1713077245, 332, 58, 60, 5, 0, 100.00%, 21, 0, 7, 307.79
1713077250, 333, 16, 60, 5, 0, 100.00%, 21, 0, 7, 348.82
1713077255, 333, 33, 60, 5, 0, 100.00%, 21, 0, 7, 319.27
1713077260, 334, 6, 60, 5, 0, 100.00%, 21, 0, 7, 331.88
1713077265, 334, 26, 60, 5, 0, 100.00%, 21, 0, 7, 293.73
1713077270, 334, 36, 60, 5, 0, 100.00%, 21, 0, 7, 292.27
1713077275, 334, 57, 60, 5, 0, 100.00%, 21, 0, 7, 278.57
1713077280, 335, 24, 60, 5, 0, 100.00%, 21, 0, 7, 309.73
1713077285, 335, 34, 60, 5, 0, 100.00%, 21, 0, 7, 301.69
1713077291, 336, 9, 60, 5, 0, 100.00%, 21, 0, 7, 337.18
1713077296, 336, 26, 60, 5, 0, 100.00%, 21, 0, 7, 312.76
1713077301, 336, 36, 60, 5, 0, 100.00%, 21, 0, 7, 300.81
1713077306, 337, 6, 60, 5, 0, 100.00%, 21, 0, 7, 313.12
1713077311, 337, 24, 60, 5, 0, 100.00%, 21, 0, 7, 317.55
1713077316, 337, 34, 60, 5, 0, 100.00%, 21, 0, 7, 315.25
1713077321, 338, 3, 60, 5, 0, 100.00%, 21, 0, 7, 349.86
1713077326, 338, 26, 60, 5, 0, 100.00%, 21, 0, 7, 291.52
1713077331, 338, 34, 60, 5, 0, 100.00%, 21, 0, 7, 299.61
1713077336, 339, 6, 60, 5, 0, 100.00%, 21, 0, 7, 312.60
1713077342, 339, 26, 60, 5, 0, 100.00%, 21, 0, 7, 290.66
1713077347, 339, 36, 60, 5, 0, 100.00%, 21, 0, 7, 303.39
1713077352, 340, 9, 60, 5, 0, 100.00%, 21, 0, 7, 327.04
1713077357, 340, 26, 60, 5, 0, 100.00%, 21, 0, 7, 291.34
1713077362, 340, 36, 60, 5, 0, 100.00%, 21, 0, 7, 289.76
1713077367, 341, 16, 60, 5, 0, 100.00%, 21, 0, 7, 309.58
1713077372, 341, 26, 60, 5, 0, 100.00%, 21, 0, 7, 281.53
1713077377, 341, 34, 60, 5, 0, 100.00%, 21, 0, 7, 293.99
1713077382, 342, 14, 60, 5, 0, 100.00%, 21, 0, 7, 323.53
1713077387, 342, 33, 60, 5, 0, 100.00%, 21, 0, 7, 317.71
1713077392, 343, 4, 60, 5, 0, 100.00%, 21, 0, 7, 359.20
1713077397, 343, 9, 61, 6, 0, 100.00%, 21, 0, 7, 316.14
1713077403, 343, 24, 61, 6, 0, 100.00%, 21, 0, 7, 302.51
1713077408, 343, 36, 61, 6, 0, 100.00%, 21, 0, 7, 315.23
1713077413, 344, 9, 61, 6, 0, 100.00%, 21, 0, 7, 310.27
1713077418, 344, 26, 61, 6, 0, 100.00%, 21, 0, 7, 307.85
1713077423, 344, 36, 61, 6, 0, 100.00%, 21, 0, 7, 297.57
1713077428, 345, 6, 61, 6, 0, 100.00%, 21, 0, 7, 333.81
1713077433, 345, 23, 61, 6, 0, 100.00%, 21, 0, 7, 324.50
1713077438, 345, 34, 61, 6, 0, 100.00%, 21, 0, 7, 326.42
1713077443, 345, 56, 61, 6, 0, 100.00%, 21, 0, 7, 328.05
1713077448, 346, 16, 61, 6, 0, 100.00%, 21, 0, 7, 329.58
1713077454, 346, 26, 61, 6, 0, 100.00%, 21, 0, 7, 285.23
1713077459, 346, 36, 61, 6, 0, 100.00%, 21, 0, 7, 299.74
1713077464, 347, 10, 61, 6, 0, 100.00%, 21, 0, 7, 317.68
1713077469, 347, 26, 61, 6, 0, 100.00%, 21, 0, 7, 312.76
1713077474, 347, 36, 61, 6, 0, 100.00%, 21, 0, 7, 304.96
1713077479, 348, 3, 61, 6, 0, 100.00%, 21, 0, 7, 306.28
1713077484, 348, 18, 61, 6, 0, 100.00%, 21, 0, 7, 289.64
1713077489, 348, 33, 61, 6, 0, 100.00%, 21, 0, 7, 300.69
1713077494, 349, 9, 61, 6, 0, 100.00%, 21, 0, 7, 306.25
1713077499, 349, 26, 61, 6, 0, 100.00%, 21, 0, 7, 283.72
1713077504, 349, 34, 61, 6, 0, 100.00%, 21, 0, 7, 281.08
1713077510, 349, 56, 61, 6, 0, 100.00%, 21, 0, 7, 337.37
1713077515, 350, 3, 61, 6, 0, 100.00%, 21, 0, 7, 303.58
1713077520, 350, 24, 61, 6, 0, 100.00%, 21, 0, 7, 310.75
1713077525, 350, 36, 61, 6, 0, 100.00%, 21, 0, 7, 326.52
1713077530, 351, 16, 61, 6, 0, 100.00%, 21, 0, 7, 348.25
1713077535, 351, 24, 61, 6, 0, 100.00%, 21, 0, 7, 314.53
1713077540, 351, 34, 61, 6, 0, 100.00%, 21, 0, 7, 305.28
1713077545, 352, 9, 61, 6, 0, 100.00%, 21, 0, 7, 330.23
1713077550, 352, 30, 61, 6, 0, 100.00%, 21, 0, 7, 296.78
1713077556, 353, 3, 61, 6, 0, 100.00%, 21, 0, 7, 333.27
1713077561, 353, 16, 61, 6, 0, 100.00%, 21, 0, 7, 320.57
1713077566, 353, 34, 61, 6, 0, 100.00%, 21, 0, 7, 311.25
1713077571, 354, 9, 61, 6, 0, 100.00%, 21, 0, 7, 328.43
1713077576, 354, 30, 61, 6, 0, 100.00%, 21, 0, 7, 325.56
1713077581, 354, 40, 61, 6, 0, 100.00%, 21, 0, 7, 312.38
1713077586, 355, 3, 61, 6, 0, 100.00%, 21, 0, 7, 306.06
1713077591, 355, 26, 61, 6, 0, 100.00%, 21, 0, 7, 304.50
1713077596, 355, 36, 61, 6, 0, 100.00%, 21, 0, 7, 320.04
1713077601, 356, 14, 61, 6, 0, 100.00%, 21, 0, 7, 334.30
1713077606, 356, 26, 61, 6, 0, 100.00%, 21, 0, 7, 346.91
1713077612, 356, 38, 61, 6, 0, 100.00%, 21, 0, 7, 308.94
1713077617, 357, 14, 61, 6, 0, 100.00%, 21, 0, 7, 330.37
1713077622, 357, 30, 61, 6, 0, 100.00%, 21, 0, 7, 308.94
1713077627, 357, 47, 61, 6, 0, 100.00%, 21, 0, 7, 313.57
1713077632, 358, 9, 61, 6, 0, 100.00%, 21, 0, 7, 318.32
1713077637, 358, 30, 61, 6, 0, 100.00%, 21, 0, 7, 325.65
1713077642, 358, 48, 61, 6, 0, 100.00%, 21, 0, 7, 325.67
1713077647, 359, 14, 61, 6, 0, 100.00%, 21, 0, 7, 320.27
1713077652, 359, 33, 61, 6, 0, 100.00%, 21, 0, 7, 321.33
1713077657, 360, 6, 61, 6, 0, 100.00%, 21, 0, 7, 360.29
1713077662, 360, 24, 61, 6, 0, 100.00%, 21, 0, 7, 299.06
1713077667, 360, 35, 61, 6, 0, 100.00%, 21, 0, 7, 306.17
1713077672, 361, 6, 61, 6, 0, 100.00%, 21, 0, 7, 331.25
1713077677, 361, 17, 61, 6, 0, 100.00%, 21, 0, 7, 324.30
1713077683, 361, 25, 61, 6, 0, 100.00%, 21, 0, 7, 316.45
1713077688, 361, 36, 61, 6, 0, 100.00%, 21, 0, 7, 329.45
1713077693, 362, 16, 61, 6, 0, 100.00%, 21, 0, 7, 318.74
1713077698, 362, 31, 61, 6, 0, 100.00%, 21, 0, 7, 297.19
1713077703, 362, 48, 61, 6, 0, 100.00%, 21, 0, 7, 325.00
1713077708, 362, 57, 61, 6, 0, 100.00%, 21, 0, 7, 357.86
1713077713, 363, 14, 61, 6, 0, 100.00%, 21, 0, 7, 334.87
1713077718, 363, 31, 61, 6, 0, 100.00%, 21, 0, 7, 309.45
1713077723, 364, 3, 61, 6, 0, 100.00%, 21, 0, 7, 308.36
1713077728, 364, 24, 61, 6, 0, 100.00%, 21, 0, 7, 300.44
1713077733, 364, 36, 61, 6, 0, 100.00%, 21, 0, 7, 321.13
1713077779, 365, 6, 61, 6, 0, 100.00%, 21, 0, 7, 316.69
1713077784, 365, 26, 61, 6, 0, 100.00%, 21, 0, 7, 304.04
1713077790, 365, 34, 61, 6, 0, 100.00%, 21, 0, 7, 295.51
1713077795, 366, 14, 61, 6, 0, 100.00%, 21, 0, 7, 312.36
1713077800, 366, 30, 61, 6, 0, 100.00%, 21, 0, 7, 286.77
1713077805, 367, 3, 61, 6, 0, 100.00%, 21, 0, 7, 322.03
1713077810, 367, 26, 61, 6, 0, 100.00%, 21, 0, 7, 308.18
1713077815, 367, 36, 61, 6, 0, 100.00%, 21, 0, 7, 281.32
1713077820, 368, 6, 61, 6, 0, 100.00%, 21, 0, 7, 300.99
1713077825, 368, 26, 61, 6, 0, 100.00%, 21, 0, 7, 310.99
1713077830, 368, 34, 61, 6, 0, 100.00%, 21, 0, 7, 302.40
1713077835, 369, 6, 61, 6, 0, 100.00%, 21, 0, 7, 317.40
1713077841, 369, 29, 61, 6, 0, 100.00%, 21, 0, 7, 302.92
1713077846, 369, 34, 61, 6, 0, 100.00%, 21, 0, 7, 326.71
1713077881, 370, 6, 61, 6, 0, 100.00%, 21, 0, 7, 376.35
1713077886, 370, 24, 61, 6, 0, 100.00%, 21, 0, 7, 303.46
1713077891, 370, 34, 61, 6, 0, 100.00%, 21, 0, 7, 309.84
1713077896, 371, 13, 61, 6, 0, 100.00%, 21, 0, 7, 345.67
1713077901, 371, 24, 61, 6, 0, 100.00%, 21, 0, 7, 316.13
1713077906, 371, 33, 61, 6, 0, 100.00%, 21, 0, 7, 312.38
1713077912, 372, 9, 61, 6, 0, 100.00%, 21, 0, 7, 340.27
1713077917, 372, 31, 61, 6, 0, 100.00%, 21, 0, 7, 309.17
1713077922, 372, 43, 61, 6, 0, 100.00%, 21, 0, 7, 290.37
1713077927, 373, 9, 61, 6, 0, 100.00%, 21, 0, 7, 310.57
1713077932, 373, 29, 61, 6, 0, 100.00%, 21, 0, 7, 306.12
1713077937, 373, 36, 61, 6, 0, 100.00%, 21, 0, 7, 298.04
1713077942, 374, 12, 61, 6, 0, 100.00%, 21, 0, 7, 316.87
1713077947, 374, 31, 61, 6, 0, 100.00%, 21, 0, 7, 347.03
1713077952, 374, 36, 61, 6, 0, 100.00%, 21, 0, 7, 357.07
1713077958, 375, 19, 61, 6, 0, 100.00%, 21, 0, 7, 324.12
1713077963, 375, 33, 61, 6, 0, 100.00%, 21, 0, 7, 302.61
1713077968, 376, 9, 61, 6, 0, 100.00%, 21, 0, 7, 328.92
1713077973, 376, 17, 61, 6, 0, 100.00%, 21, 0, 7, 305.26
1713077978, 376, 33, 61, 6, 0, 100.00%, 21, 0, 7, 308.36
1713077983, 377, 3, 61, 6, 0, 100.00%, 21, 0, 7, 354.21
1713077988, 377, 26, 61, 6, 0, 100.00%, 21, 0, 7, 315.53
1713077993, 377, 36, 61, 6, 0, 100.00%, 21, 0, 7, 304.80
1713077998, 378, 9, 61, 6, 0, 100.00%, 21, 0, 7, 337.95
1713078003, 378, 31, 61, 6, 0, 100.00%, 21, 0, 7, 301.36
1713078008, 378, 55, 61, 6, 0, 100.00%, 21, 0, 7, 317.86
1713078014, 379, 14, 61, 6, 0, 100.00%, 21, 0, 7, 296.38
1713078019, 379, 26, 61, 6, 0, 100.00%, 21, 0, 7, 237.16
1713078024, 379, 30, 61, 6, 0, 100.00%, 21, 0, 7, 296.88
1713078065, 380, 3, 61, 6, 0, 100.00%, 21, 0, 7, 360.34
1713078070, 380, 24, 61, 6, 0, 100.00%, 21, 0, 7, 321.38
1713078075, 380, 32, 61, 6, 0, 100.00%, 21, 0, 7, 278.31
1713078080, 381, 6, 61, 6, 0, 100.00%, 21, 0, 7, 335.20
1713078085, 381, 9, 61, 6, 0, 100.00%, 21, 0, 7, 330.09
1713078121, 381, 17, 61, 6, 0, 100.00%, 21, 0, 7, 332.56
1713078126, 381, 31, 61, 6, 0, 100.00%, 21, 0, 7, 306.23
1713078131, 382, 3, 61, 6, 0, 100.00%, 21, 0, 7, 334.90
1713078136, 382, 24, 61, 6, 0, 100.00%, 21, 0, 7, 332.09
1713078141, 382, 36, 61, 6, 0, 100.00%, 21, 0, 7, 290.18
1713078146, 383, 6, 61, 6, 0, 100.00%, 21, 0, 7, 334.89
1713078151, 383, 26, 61, 6, 0, 100.00%, 21, 0, 7, 310.84
1713078156, 383, 39, 61, 6, 0, 100.00%, 21, 0, 7, 306.77
1713078161, 384, 14, 61, 6, 0, 100.00%, 21, 0, 7, 321.39
1713078166, 384, 28, 61, 6, 0, 100.00%, 21, 0, 7, 278.19
1713078171, 384, 31, 62, 7, 0, 100.00%, 21, 0, 7, 310.92
1713078176, 385, 6, 62, 7, 0, 100.00%, 21, 0, 7, 310.88
1713078182, 385, 20, 62, 7, 0, 100.00%, 21, 0, 7, 311.00
1713078187, 385, 34, 62, 7, 0, 100.00%, 21, 0, 7, 308.30
1713078192, 386, 6, 62, 7, 0, 100.00%, 21, 0, 7, 308.14
1713078197, 386, 27, 62, 7, 0, 100.00%, 21, 0, 7, 312.41
1713078202, 386, 33, 62, 7, 0, 100.00%, 21, 0, 7, 296.26
1713078207, 386, 56, 62, 7, 0, 100.00%, 21, 0, 7, 312.24
1713078212, 387, 9, 62, 7, 0, 100.00%, 21, 0, 7, 304.05
1713078217, 387, 29, 62, 7, 0, 100.00%, 21, 0, 7, 314.12
1713078222, 387, 43, 62, 7, 0, 100.00%, 21, 0, 7, 295.60
1713078227, 388, 6, 62, 7, 0, 100.00%, 21, 0, 7, 292.93
1713078232, 388, 26, 62, 7, 0, 100.00%, 21, 0, 7, 290.05
1713078237, 388, 58, 62, 7, 0, 100.00%, 21, 0, 7, 348.25
1713078243, 389, 13, 62, 7, 0, 100.00%, 21, 0, 7, 326.87
1713078248, 389, 26, 62, 7, 0, 100.00%, 21, 0, 7, 306.86
1713078253, 389, 36, 62, 7, 0, 100.00%, 21, 0, 7, 307.25
1713078258, 390, 9, 62, 7, 0, 100.00%, 21, 0, 7, 306.32
1713078263, 390, 30, 62, 7, 0, 100.00%, 21, 0, 7, 300.52
1713078268, 390, 45, 62, 7, 0, 100.00%, 21, 0, 7, 297.22
1713078273, 391, 16, 62, 7, 0, 100.00%, 21, 0, 7, 305.47
1713078278, 391, 33, 62, 7, 0, 100.00%, 21, 0, 7, 300.15
1713078283, 392, 6, 62, 7, 0, 100.00%, 21, 0, 7, 333.05
1713078288, 392, 24, 62, 7, 0, 100.00%, 21, 0, 7, 293.54
1713078294, 392, 33, 62, 7, 0, 100.00%, 21, 0, 7, 283.33
1713078299, 392, 48, 62, 7, 0, 100.00%, 21, 0, 7, 330.96
1713078304, 393, 3, 62, 7, 0, 100.00%, 21, 0, 7, 334.28
1713078309, 393, 22, 62, 7, 0, 100.00%, 21, 0, 7, 319.18
1713078314, 393, 33, 62, 7, 0, 100.00%, 21, 0, 7, 294.51
1713078319, 393, 51, 62, 7, 0, 100.00%, 21, 0, 7, 351.63
1713078324, 394, 14, 62, 7, 0, 100.00%, 21, 0, 7, 366.55
1713078360, 394, 30, 62, 7, 0, 100.00%, 21, 0, 7, 340.53
1713078365, 395, 6, 62, 7, 0, 100.00%, 21, 0, 7, 347.18
1713078370, 395, 24, 62, 7, 0, 100.00%, 21, 0, 7, 320.92
1713078375, 395, 34, 62, 7, 0, 100.00%, 21, 0, 7, 290.41
1713078380, 396, 9, 62, 7, 0, 100.00%, 21, 0, 7, 309.42
1713078385, 396, 26, 62, 7, 0, 100.00%, 21, 0, 7, 285.07
1713078390, 396, 34, 62, 7, 0, 100.00%, 21, 0, 7, 280.84
1713078395, 397, 9, 62, 7, 0, 100.00%, 21, 0, 7, 338.63
1713078400, 397, 26, 62, 7, 0, 100.00%, 21, 0, 7, 297.39
1713078406, 397, 30, 62, 7, 0, 100.00%, 21, 0, 7, 383.28
1713078441, 397, 48, 62, 7, 0, 100.00%, 21, 0, 7, 364.65
1713078446, 398, 6, 62, 7, 0, 100.00%, 21, 0, 7, 309.93
1713078452, 398, 30, 62, 7, 0, 100.00%, 21, 0, 7, 295.03
1713078457, 399, 3, 62, 7, 0, 100.00%, 21, 0, 7, 344.60
1713078462, 399, 7, 62, 7, 0, 100.00%, 21, 0, 7, 352.61
1713078467, 399, 26, 62, 7, 0, 100.00%, 21, 0, 7, 328.75
1713078472, 399, 34, 62, 7, 0, 100.00%, 21, 0, 7, 294.09
1713078477, 400, 5, 62, 7, 0, 100.00%, 21, 0, 7, 315.75
1713078482, 400, 24, 62, 7, 0, 100.00%, 21, 0, 7, 324.23
1713078487, 400, 36, 62, 7, 0, 100.00%, 21, 0, 7, 315.49
1713078492, 401, 16, 62, 7, 0, 100.00%, 21, 0, 7, 335.49
1713078497, 401, 30, 62, 7, 0, 100.00%, 21, 0, 7, 282.35
1713078502, 402, 3, 62, 7, 0, 100.00%, 21, 0, 7, 312.01
1713078507, 402, 23, 62, 7, 0, 100.00%, 21, 0, 7, 296.33
1713078512, 402, 31, 62, 7, 0, 100.00%, 21, 0, 7, 306.39
1713078518, 403, 6, 62, 7, 0, 100.00%, 21, 0, 7, 321.22
1713078523, 403, 30, 62, 7, 0, 100.00%, 21, 0, 7, 288.33
1713078528, 403, 48, 62, 7, 0, 100.00%, 21, 0, 7, 309.01
1713078533, 404, 0, 62, 7, 0, 100.00%, 21, 0, 7, 316.29
1713078538, 404, 16, 62, 7, 0, 100.00%, 21, 0, 7, 324.49
1713078543, 404, 33, 62, 7, 0, 100.00%, 21, 0, 7, 317.39
1713078548, 405, 3, 62, 7, 0, 100.00%, 21, 0, 7, 328.85
1713078553, 405, 24, 62, 7, 0, 100.00%, 21, 0, 7, 310.44
1713078558, 405, 36, 62, 7, 0, 100.00%, 21, 0, 7, 313.63
1713078563, 406, 9, 62, 7, 0, 100.00%, 21, 0, 7, 326.08
1713078568, 406, 26, 62, 7, 0, 100.00%, 21, 0, 7, 327.13
1713078573, 406, 48, 62, 7, 0, 100.00%, 21, 0, 7, 306.77
1713078579, 407, 16, 62, 7, 0, 100.00%, 21, 0, 7, 369.95
1713078614, 407, 26, 62, 7, 0, 100.00%, 21, 0, 7, 345.29
1713078619, 407, 48, 62, 7, 0, 100.00%, 21, 0, 7, 335.02
1713078624, 408, 24, 62, 7, 0, 100.00%, 21, 0, 7, 346.41
1713078630, 408, 34, 62, 7, 0, 100.00%, 21, 0, 7, 323.15
1713078635, 408, 55, 62, 7, 0, 100.00%, 21, 0, 7, 348.25
1713078640, 409, 16, 62, 7, 0, 100.00%, 21, 0, 7, 336.18
1713078645, 409, 31, 62, 7, 0, 100.00%, 21, 0, 7, 289.72
1713078650, 410, 3, 62, 7, 0, 100.00%, 21, 0, 7, 317.23
1713078655, 410, 24, 62, 7, 0, 100.00%, 21, 0, 7, 313.97
1713078660, 410, 33, 62, 7, 0, 100.00%, 21, 0, 7, 281.36
1713078665, 411, 3, 62, 7, 0, 100.00%, 21, 0, 7, 332.06
1713078670, 411, 23, 62, 7, 0, 100.00%, 21, 0, 7, 309.40
1713078675, 411, 33, 62, 7, 0, 100.00%, 21, 0, 7, 318.83
1713078680, 412, 6, 62, 7, 0, 100.00%, 21, 0, 7, 329.17
1713078685, 412, 9, 62, 7, 0, 100.00%, 21, 0, 7, 353.30
1713078721, 412, 30, 62, 7, 0, 100.00%, 21, 0, 7, 316.33
1713078726, 412, 40, 62, 7, 0, 100.00%, 21, 0, 7, 300.43
1713078731, 413, 24, 62, 7, 0, 100.00%, 21, 0, 7, 325.00
1713078736, 413, 34, 62, 7, 0, 100.00%, 21, 0, 7, 304.36
1713078741, 413, 48, 62, 7, 0, 100.00%, 21, 0, 7, 433.62
1713078767, 414, 16, 62, 7, 0, 100.00%, 21, 0, 7, 386.96
1713078772, 414, 34, 62, 7, 0, 100.00%, 21, 0, 7, 330.46
1713078777, 415, 6, 62, 7, 0, 100.00%, 21, 0, 7, 317.32
1713078782, 415, 25, 62, 7, 0, 100.00%, 21, 0, 7, 310.28
1713078787, 415, 30, 62, 7, 0, 100.00%, 21, 0, 7, 289.66
1713078793, 415, 48, 62, 7, 0, 100.00%, 21, 0, 7, 313.47
1713078798, 416, 16, 62, 7, 0, 100.00%, 21, 0, 7, 308.32
1713078803, 416, 31, 62, 7, 0, 100.00%, 21, 0, 7, 283.64
1713078808, 417, 2, 62, 7, 0, 100.00%, 21, 0, 7, 311.88
1713078813, 417, 16, 62, 7, 0, 100.00%, 21, 0, 7, 318.34
1713078818, 417, 31, 62, 7, 0, 100.00%, 21, 0, 7, 300.15
1713078823, 418, 6, 62, 7, 0, 100.00%, 21, 0, 7, 346.36
1713078828, 418, 24, 62, 7, 0, 100.00%, 21, 0, 7, 308.11
1713078833, 418, 34, 62, 7, 0, 100.00%, 21, 0, 7, 320.71
1713078838, 419, 3, 62, 7, 0, 100.00%, 21, 0, 7, 407.64
1713078843, 419, 24, 62, 7, 0, 100.00%, 21, 0, 7, 324.15
1713078848, 419, 35, 62, 7, 0, 100.00%, 21, 0, 7, 321.42
1713078854, 420, 0, 62, 7, 0, 100.00%, 21, 0, 7, 321.40
1713078859, 420, 18, 62, 7, 0, 100.00%, 21, 0, 7, 359.88
1713078864, 420, 33, 62, 7, 0, 100.00%, 21, 0, 7, 325.38
1713078869, 421, 6, 62, 7, 0, 100.00%, 21, 0, 7, 326.53
1713078874, 421, 27, 62, 7, 0, 100.00%, 21, 0, 7, 306.71
1713078879, 421, 36, 62, 7, 0, 100.00%, 21, 0, 7, 274.40
1713078884, 421, 57, 62, 7, 0, 100.00%, 21, 0, 7, 289.25
1713078889, 422, 3, 62, 7, 0, 100.00%, 21, 0, 7, 304.28
1713078895, 422, 26, 62, 7, 0, 100.00%, 21, 0, 7, 282.56
1713078900, 422, 48, 62, 7, 0, 100.00%, 21, 0, 7, 309.47
1713078905, 423, 14, 62, 7, 0, 100.00%, 21, 0, 7, 307.37
1713078910, 423, 30, 62, 7, 0, 100.00%, 21, 0, 7, 291.28
1713078915, 423, 34, 62, 7, 0, 100.00%, 21, 0, 7, 317.44
1713078951, 423, 56, 62, 7, 0, 100.00%, 21, 0, 7, 372.91
1713078956, 424, 9, 62, 7, 0, 100.00%, 21, 0, 7, 316.59
1713078961, 424, 30, 62, 7, 0, 100.00%, 21, 0, 7, 267.63
1713078966, 425, 3, 62, 7, 0, 100.00%, 21, 0, 7, 311.24
1713078971, 425, 16, 62, 7, 0, 100.00%, 21, 0, 7, 328.27
1713078976, 425, 32, 62, 7, 0, 100.00%, 21, 0, 7, 311.32
1713078981, 426, 9, 62, 7, 0, 100.00%, 21, 0, 7, 331.54
1713078986, 426, 30, 62, 7, 0, 100.00%, 21, 0, 7, 306.40
1713078992, 426, 48, 62, 7, 0, 100.00%, 21, 0, 7, 317.45
1713078997, 427, 14, 62, 7, 0, 100.00%, 21, 0, 7, 331.17
1713079002, 427, 33, 62, 7, 0, 100.00%, 21, 0, 7, 308.90
1713079007, 428, 6, 62, 7, 0, 100.00%, 21, 0, 7, 311.84
1713079012, 428, 27, 62, 7, 0, 100.00%, 21, 0, 7, 284.52
1713079017, 428, 34, 62, 7, 0, 100.00%, 21, 0, 7, 289.89
1713079022, 429, 6, 62, 7, 0, 100.00%, 21, 0, 7, 323.95
1713079027, 429, 30, 62, 7, 0, 100.00%, 21, 0, 7, 300.11
1713079032, 429, 45, 62, 7, 0, 100.00%, 21, 0, 7, 296.90
1713079037, 430, 4, 62, 7, 0, 100.00%, 21, 0, 7, 277.08
1713079043, 430, 24, 62, 7, 0, 100.00%, 21, 0, 7, 289.24
1713079048, 430, 34, 62, 7, 0, 100.00%, 21, 0, 7, 285.98
1713079053, 431, 14, 62, 7, 0, 100.00%, 21, 0, 7, 309.70
1713079058, 431, 31, 62, 7, 0, 100.00%, 21, 0, 7, 292.64
1713079063, 431, 43, 62, 7, 0, 100.00%, 21, 0, 7, 276.02
1713079068, 432, 7, 62, 7, 0, 100.00%, 21, 0, 7, 295.83
1713079073, 432, 24, 62, 7, 0, 100.00%, 21, 0, 7, 293.26
1713079078, 432, 34, 62, 7, 0, 100.00%, 21, 0, 7, 295.38
1713079083, 433, 14, 62, 7, 0, 100.00%, 21, 0, 7, 321.71
1713079088, 433, 26, 62, 7, 0, 100.00%, 21, 0, 7, 313.51
1713079093, 433, 54, 62, 7, 0, 100.00%, 21, 0, 7, 364.19
1713079098, 434, 24, 62, 7, 0, 100.00%, 21, 0, 7, 335.85
1713079103, 434, 34, 62, 7, 0, 100.00%, 21, 0, 7, 322.71
1713079108, 435, 6, 62, 7, 0, 100.00%, 21, 0, 7, 340.61
1713079114, 435, 31, 62, 7, 0, 100.00%, 21, 0, 7, 326.19
1713079119, 436, 6, 62, 7, 0, 100.00%, 21, 0, 7, 336.92
1713079124, 436, 26, 62, 7, 0, 100.00%, 21, 0, 7, 301.62
1713079129, 436, 36, 62, 7, 0, 100.00%, 21, 0, 7, 316.10
1713079169, 436, 48, 62, 7, 0, 100.00%, 21, 0, 7, 322.90
1713079174, 437, 16, 62, 7, 0, 100.00%, 21, 0, 7, 329.08
1713079180, 437, 31, 62, 7, 0, 100.00%, 21, 0, 7, 311.29
1713079185, 437, 56, 62, 7, 0, 100.00%, 21, 0, 7, 316.15
1713079190, 438, 13, 62, 7, 0, 100.00%, 21, 0, 7, 306.51
1713079195, 438, 24, 62, 7, 0, 100.00%, 21, 0, 7, 329.17
1713079200, 438, 34, 62, 7, 0, 100.00%, 21, 0, 7, 298.69
1713079205, 439, 9, 62, 7, 0, 100.00%, 21, 0, 7, 298.07
1713079210, 439, 30, 62, 7, 0, 100.00%, 21, 0, 7, 302.68
1713079215, 440, 3, 62, 7, 0, 100.00%, 21, 0, 7, 319.37
1713079220, 440, 16, 62, 7, 0, 100.00%, 21, 0, 7, 311.94
1713079225, 440, 30, 62, 7, 0, 100.00%, 21, 0, 7, 299.71
1713079230, 440, 48, 62, 7, 0, 100.00%, 21, 0, 7, 303.24
1713079235, 441, 19, 62, 7, 0, 100.00%, 21, 0, 7, 312.24
1713079240, 441, 29, 62, 7, 0, 100.00%, 21, 0, 7, 353.66
1713079245, 441, 36, 62, 7, 0, 100.00%, 21, 0, 7, 312.79
1713079250, 442, 5, 62, 7, 0, 100.00%, 21, 0, 7, 353.22
1713079256, 442, 24, 62, 7, 0, 100.00%, 21, 0, 7, 326.38
1713079261, 442, 34, 62, 7, 0, 100.00%, 21, 0, 7, 310.90
1713079266, 442, 58, 62, 7, 0, 100.00%, 21, 0, 7, 315.25
1713079271, 443, 6, 62, 7, 0, 100.00%, 21, 0, 7, 357.84
1713079306, 443, 9, 62, 7, 0, 100.00%, 21, 0, 7, 371.98
1713079311, 443, 31, 62, 7, 0, 100.00%, 21, 0, 7, 332.82
1713079317, 444, 3, 62, 7, 0, 100.00%, 21, 0, 7, 377.51
1713079322, 444, 24, 62, 7, 0, 100.00%, 21, 0, 7, 319.06
1713079327, 444, 34, 62, 7, 0, 100.00%, 21, 0, 7, 320.77
1713079332, 445, 6, 62, 7, 0, 100.00%, 21, 0, 7, 337.46
1713079337, 445, 30, 62, 7, 0, 100.00%, 21, 0, 7, 315.54
1713079342, 445, 48, 62, 7, 0, 100.00%, 21, 0, 7, 304.51
1713079347, 446, 22, 62, 7, 0, 100.00%, 21, 0, 7, 321.12
1713079352, 446, 33, 62, 7, 0, 100.00%, 21, 0, 7, 304.67
1713079357, 447, 3, 62, 7, 0, 100.00%, 21, 0, 7, 326.23
1713079362, 447, 24, 62, 7, 0, 100.00%, 21, 0, 7, 312.31
1713079367, 447, 36, 62, 7, 0, 100.00%, 21, 0, 7, 301.33
1713079372, 448, 16, 62, 7, 0, 100.00%, 21, 0, 7, 337.33
1713079377, 448, 31, 62, 7, 0, 100.00%, 21, 0, 7, 297.44
1713079383, 448, 55, 62, 7, 0, 100.00%, 21, 0, 7, 346.62
1713079388, 449, 14, 62, 7, 0, 100.00%, 21, 0, 7, 314.22
1713079393, 449, 33, 62, 7, 0, 100.00%, 21, 0, 7, 314.21
1713079398, 449, 38, 62, 7, 0, 100.00%, 21, 0, 7, 362.56
1713079403, 450, 9, 62, 7, 0, 100.00%, 21, 0, 7, 347.56
1713079408, 450, 30, 62, 7, 0, 100.00%, 21, 0, 7, 293.43
1713079413, 450, 48, 62, 7, 0, 100.00%, 21, 0, 7, 310.52
1713079418, 451, 15, 62, 7, 0, 100.00%, 21, 0, 7, 321.88
1713079423, 451, 31, 62, 7, 0, 100.00%, 21, 0, 7, 303.22
1713079428, 452, 3, 62, 7, 0, 100.00%, 21, 0, 7, 319.59
1713079433, 452, 24, 62, 7, 0, 100.00%, 21, 0, 7, 315.30
1713079438, 452, 34, 62, 7, 0, 100.00%, 21, 0, 7, 311.90
1713079443, 453, 6, 62, 7, 0, 100.00%, 21, 0, 7, 350.29
1713079449, 453, 30, 62, 7, 0, 100.00%, 21, 0, 7, 323.85
1713079454, 454, 3, 62, 7, 0, 100.00%, 21, 0, 7, 315.76
1713079459, 454, 26, 62, 7, 0, 100.00%, 21, 0, 7, 313.26
1713079464, 454, 31, 62, 7, 0, 100.00%, 21, 0, 7, 363.09
1713079504, 455, 0, 62, 7, 0, 100.00%, 21, 0, 7, 346.05
1713079509, 455, 16, 62, 7, 0, 100.00%, 21, 0, 7, 306.75
1713079514, 455, 33, 62, 7, 0, 100.00%, 21, 0, 7, 308.22
1713079519, 456, 6, 62, 7, 0, 100.00%, 21, 0, 7, 335.65
1713079525, 456, 24, 62, 7, 0, 100.00%, 21, 0, 7, 303.27
1713079530, 456, 34, 62, 7, 0, 100.00%, 21, 0, 7, 300.40
1713079535, 457, 14, 62, 7, 0, 100.00%, 21, 0, 7, 319.02
1713079540, 457, 30, 62, 7, 0, 100.00%, 21, 0, 7, 299.74
1713079545, 457, 47, 62, 7, 0, 100.00%, 21, 0, 7, 315.88
1713079550, 458, 13, 62, 7, 0, 100.00%, 21, 0, 7, 343.46
1713079555, 458, 31, 62, 7, 0, 100.00%, 21, 0, 7, 298.97
1713079560, 459, 3, 62, 7, 0, 100.00%, 21, 0, 7, 322.39
1713079566, 459, 24, 62, 7, 0, 100.00%, 21, 0, 7, 335.00
1713079606, 459, 33, 62, 7, 0, 100.00%, 21, 0, 7, 366.95
1713079612, 460, 9, 62, 7, 0, 100.00%, 21, 0, 7, 320.20
1713079617, 460, 26, 62, 7, 0, 100.00%, 21, 0, 7, 282.45
1713079622, 460, 36, 62, 7, 0, 100.00%, 21, 0, 7, 305.02
1713079627, 461, 6, 62, 7, 0, 100.00%, 21, 0, 7, 328.61
1713079632, 461, 26, 62, 7, 0, 100.00%, 21, 0, 7, 297.86
1713079637, 461, 39, 62, 7, 0, 100.00%, 21, 0, 7, 297.74
1713079642, 462, 9, 62, 7, 0, 100.00%, 21, 0, 7, 321.31
1713079647, 462, 31, 62, 7, 0, 100.00%, 21, 0, 7, 321.50
1713079652, 462, 42, 62, 7, 0, 100.00%, 21, 0, 7, 297.55
1713079657, 463, 15, 62, 7, 0, 100.00%, 21, 0, 7, 321.29
1713079662, 463, 31, 62, 7, 0, 100.00%, 21, 0, 7, 310.91
1713079667, 464, 6, 62, 7, 0, 100.00%, 21, 0, 7, 323.41
1713079672, 464, 17, 62, 7, 0, 100.00%, 21, 0, 7, 341.74
1713079677, 464, 30, 62, 7, 0, 100.00%, 21, 0, 7, 343.61
1713079682, 465, 3, 62, 7, 0, 100.00%, 21, 0, 7, 365.84
1713079688, 465, 16, 62, 7, 0, 100.00%, 21, 0, 7, 313.58
1713079693, 465, 33, 62, 7, 0, 100.00%, 21, 0, 7, 312.48
1713079698, 465, 56, 62, 7, 0, 100.00%, 21, 0, 7, 319.99
1713079703, 466, 4, 62, 7, 0, 100.00%, 21, 0, 7, 327.80
1713079708, 466, 24, 62, 7, 0, 100.00%, 21, 0, 7, 326.66
1713079713, 466, 36, 62, 7, 0, 100.00%, 21, 0, 7, 315.14
1713079718, 467, 16, 62, 7, 0, 100.00%, 21, 0, 7, 340.91
1713079723, 467, 33, 62, 7, 0, 100.00%, 21, 0, 7, 338.32
1713079764, 468, 3, 62, 7, 0, 100.00%, 21, 0, 7, 341.45
1713079769, 468, 24, 62, 7, 0, 100.00%, 21, 0, 7, 294.85
1713079774, 468, 34, 62, 7, 0, 100.00%, 21, 0, 7, 299.63
1713079779, 469, 10, 62, 7, 0, 100.00%, 21, 0, 7, 332.32
1713079785, 469, 25, 62, 7, 0, 100.00%, 21, 0, 7, 295.77
1713079790, 469, 34, 62, 7, 0, 100.00%, 21, 0, 7, 307.32
1713079795, 470, 14, 62, 7, 0, 100.00%, 21, 0, 7, 336.59
1713079800, 470, 31, 62, 7, 0, 100.00%, 21, 0, 7, 308.79
1713079805, 471, 3, 62, 7, 0, 100.00%, 21, 0, 7, 360.54
1713079810, 471, 24, 62, 7, 0, 100.00%, 21, 0, 7, 331.73
1713079815, 471, 34, 62, 7, 0, 100.00%, 21, 0, 7, 307.34
1713079820, 472, 5, 62, 7, 0, 100.00%, 21, 0, 7, 345.28
1713079825, 472, 26, 62, 7, 0, 100.00%, 21, 0, 7, 320.93
