# unix_time, cycles_done, cur_path, paths_total, pending_total, pending_favs, map_size, unique_crashes, unique_hangs, max_depth, execs_per_sec
1713232784, 0, 0, 4, 4, 3, 5.33%, 0, 0, 1, 6.41
1713232790, 0, 0, 6, 6, 3, 5.63%, 1, 1, 2, 13.20
1713232795, 0, 0, 7, 7, 3, 5.63%, 1, 1, 2, 1.16
1713232800, 0, 0, 9, 9, 3, 5.63%, 1, 1, 2, 6.35
1713232805, 0, 0, 10, 10, 3, 5.63%, 1, 1, 2, 6.89
1713232856, 0, 0, 11, 11, 3, 5.63%, 1, 1, 2, 8.80
1713233337, 0, 0, 12, 12, 3, 5.63%, 1, 1, 2, 14.28
1713233367, 0, 1, 12, 11, 4, 5.63%, 1, 1, 2, 14.95
1713233900, 0, 2, 12, 10, 3, 5.63%, 1, 1, 2, 6.35
1713234464, 0, 3, 12, 9, 2, 5.63%, 1, 1, 2, 6.50
1713234932, 0, 4, 12, 8, 1, 5.63%, 1, 1, 2, 46.02
1713234948, 1, 0, 12, 6, 0, 5.63%, 1, 1, 2, 36.69
1713234953, 1, 2, 12, 6, 0, 5.63%, 1, 1, 2, 6.51
1713234958, 1, 3, 12, 6, 0, 5.63%, 1, 1, 2, 6.34
1713234963, 1, 9, 12, 6, 0, 5.63%, 1, 1, 2, 35.61
1713235495, 1, 10, 12, 5, 0, 5.63%, 1, 1, 2, 6.46
1713235505, 1, 10, 13, 6, 0, 5.63%, 1, 1, 3, 7.11
1713235511, 1, 10, 14, 7, 0, 5.63%, 1, 1, 3, 7.48
1713235717, 1, 10, 15, 8, 0, 5.63%, 1, 1, 3, 7.44
1713236100, 2, 1, 15, 7, 0, 5.63%, 1, 1, 3, 6.51
1713236105, 2, 2, 15, 7, 0, 5.63%, 1, 1, 3, 6.06
1713236110, 2, 3, 15, 7, 0, 5.63%, 1, 1, 3, 6.39
1713236116, 2, 14, 15, 7, 0, 5.63%, 1, 1, 3, 2.52
1713236740, 3, 1, 15, 6, 0, 5.63%, 1, 1, 3, 6.32
1713236782, 3, 2, 15, 6, 0, 5.63%, 1, 1, 3, 6.28
1713236823, 3, 3, 15, 6, 0, 5.63%, 1, 1, 3, 6.18
1713236859, 3, 4, 15, 6, 0, 5.63%, 1, 1, 3, 39.30
1713236864, 3, 8, 15, 6, 0, 5.63%, 1, 1, 3, 7.47
1713237276, 3, 8, 16, 7, 0, 5.63%, 1, 1, 3, 12.48
1713237369, 3, 10, 16, 6, 0, 5.63%, 1, 1, 3, 5.96
1713237400, 4, 1, 16, 6, 0, 5.63%, 1, 1, 3, 6.12
1713237436, 4, 2, 16, 6, 0, 5.63%, 1, 1, 3, 6.56
1713237472, 4, 3, 16, 6, 0, 5.63%, 1, 1, 3, 6.42
1713237503, 4, 4, 16, 6, 0, 5.63%, 1, 1, 3, 6.64
1713237509, 4, 7, 16, 6, 0, 5.63%, 1, 1, 3, 6.84
1713238004, 5, 1, 16, 5, 0, 5.63%, 1, 1, 3, 6.38
1713238035, 5, 2, 16, 5, 0, 5.63%, 1, 1, 3, 38.12
1713238077, 5, 4, 16, 5, 0, 5.63%, 1, 1, 3, 5.89
1713238082, 5, 7, 16, 5, 0, 5.63%, 1, 1, 3, 7.00
1713238123, 5, 15, 16, 5, 0, 5.63%, 1, 1, 3, 6.74
1713238273, 5, 15, 17, 6, 0, 5.63%, 1, 1, 4, 7.51
1713238540, 5, 16, 17, 5, 1, 5.63%, 1, 1, 4, 6.55
1713239161, 6, 1, 17, 4, 0, 5.63%, 1, 1, 4, 2.93
1713239249, 6, 2, 17, 4, 0, 5.63%, 1, 1, 4, 2.94
1713239338, 6, 4, 17, 4, 0, 5.63%, 1, 1, 4, 3.04
1713239348, 6, 10, 17, 4, 0, 5.63%, 1, 1, 4, 26.00
1713239369, 6, 13, 17, 4, 0, 5.63%, 1, 1, 4, 2.73
1713240660, 6, 16, 17, 3, 0, 5.63%, 1, 1, 4, 123.76
1713240681, 7, 1, 17, 3, 0, 5.63%, 1, 1, 4, 13.45
1713240697, 7, 2, 17, 3, 0, 5.63%, 1, 1, 4, 15.00
1713240712, 7, 9, 17, 3, 0, 5.63%, 1, 1, 4, 19.53
1713240723, 7, 16, 17, 3, 0, 5.63%, 1, 1, 4, 12.60
1713240739, 8, 1, 17, 3, 0, 5.63%, 1, 1, 4, 1.04
1713240754, 8, 2, 17, 3, 0, 5.63%, 1, 1, 4, 24.66
1713240765, 8, 4, 17, 3, 0, 5.63%, 1, 1, 4, 75.12
1713240770, 8, 16, 17, 3, 0, 5.63%, 1, 1, 4, 12.34
1713240786, 9, 1, 17, 3, 0, 5.63%, 1, 1, 4, 16.39
1713240801, 9, 2, 17, 3, 0, 5.63%, 1, 1, 4, 5.26
1713240812, 9, 12, 17, 3, 0, 5.63%, 1, 1, 4, 5.16
1713242096, 9, 16, 17, 2, 0, 5.63%, 1, 1, 4, 24.38
1713242112, 10, 1, 17, 2, 0, 5.63%, 1, 1, 4, 2.84
1713242128, 10, 2, 17, 2, 0, 5.63%, 1, 1, 4, 9.23
1713242148, 10, 16, 17, 2, 0, 5.63%, 1, 1, 4, 62.38
1713242164, 11, 0, 17, 2, 0, 5.63%, 1, 1, 4, 25.47
1713242180, 11, 1, 17, 2, 0, 5.63%, 1, 1, 4, 23.10
1713242190, 11, 2, 17, 2, 0, 5.63%, 1, 1, 4, 10.23
1713242206, 11, 16, 17, 2, 0, 5.63%, 1, 1, 4, 11.52
1713242222, 12, 1, 17, 2, 0, 5.63%, 1, 1, 4, 62.47
1713242238, 12, 2, 17, 2, 0, 5.63%, 1, 1, 4, 15.04
1713242322, 12, 9, 17, 2, 0, 5.63%, 4, 1, 4, 0.24
1713242663, 12, 9, 18, 3, 0, 5.63%, 4, 1, 4, 0.05
1713243619, 12, 9, 19, 4, 0, 5.64%, 4, 1, 4, 0.14
